0.000000000000000000e+00 5.737659296372310536e+00 5.679387540343237895e+00 3.582189447154471651e+01 9.419436777675176842e+00 2.239698411655477628e+01 3.729123096590909370e+01 0.000000000000000000e+00 0.000000000000000000e+00 0.000000000000000000e+00 0.000000000000000000e+00 0.000000000000000000e+00 0.000000000000000000e+00 6.214937233716474552e+00 1.075124966966966866e+01 1.111250000000000000e+02 0.000000000000000000e+00 0.000000000000000000e+00 1.487500000000000000e+02 0.000000000000000000e+00 0.000000000000000000e+00 9.531437990135634664e+01 0.000000000000000000e+00 0.000000000000000000e+00 0.000000000000000000e+00 0.000000000000000000e+00 0.000000000000000000e+00 1.153260000000000076e+02 7.418539159235668023e+01 6.124249706898078216e+01 0.000000000000000000e+00 0.000000000000000000e+00 0.000000000000000000e+00 0.000000000000000000e+00 8.826670000000000016e+01 1.325000000000000000e+02 8.172225555555554877e+01 0.000000000000000000e+00 8.623080000000001633e+01 0.000000000000000000e+00 9.619418112798264531e+01 9.799453846153846825e+01 1.225000000000000000e+02 0.000000000000000000e+00 0.000000000000000000e+00 0.000000000000000000e+00 0.000000000000000000e+00 3.987951725527376112e+01 5.879757294653014554e+01 0.000000000000000000e+00 9.236631162790699534e+01 1.530000000000000000e+02 0.000000000000000000e+00 3.796428571428571530e+01 7.000467337461302009e+01 1.600000000000000000e+02 0.000000000000000000e+00 0.000000000000000000e+00 1.670000000000000000e+02 0.000000000000000000e+00 0.000000000000000000e+00 0.000000000000000000e+00 0.000000000000000000e+00 0.000000000000000000e+00 0.000000000000000000e+00 0.000000000000000000e+00 1.422500000000000000e+02 0.000000000000000000e+00 1.391666666666666856e+02 0.000000000000000000e+00 0.000000000000000000e+00 1.532500000000000000e+02 0.000000000000000000e+00 0.000000000000000000e+00 0.000000000000000000e+00 0.000000000000000000e+00 0.000000000000000000e+00 0.000000000000000000e+00 1.380000000000000000e+02 0.000000000000000000e+00 0.000000000000000000e+00 0.000000000000000000e+00 1.555000000000000000e+02 0.000000000000000000e+00 0.000000000000000000e+00 0.000000000000000000e+00 9.070000000000000284e+01 1.475715714285714171e+02 0.000000000000000000e+00 0.000000000000000000e+00 9.100000000000000000e+01 0.000000000000000000e+00 0.000000000000000000e+00 0.000000000000000000e+00 0.000000000000000000e+00 5.439296421725239128e+01 8.807408703703704589e+01 0.000000000000000000e+00 0.000000000000000000e+00 0.000000000000000000e+00
5.737659296372310536e+00 0.000000000000000000e+00 3.802464567567567677e+00 7.482580319118552481e+00 3.961056105263158145e+01 2.696252791350280731e+01 3.103753250000000463e+01 0.000000000000000000e+00 0.000000000000000000e+00 0.000000000000000000e+00 0.000000000000000000e+00 0.000000000000000000e+00 0.000000000000000000e+00 1.003238802480916014e+01 6.384297152708374945e+00 9.495829999999999416e+01 0.000000000000000000e+00 0.000000000000000000e+00 0.000000000000000000e+00 0.000000000000000000e+00 0.000000000000000000e+00 9.760214193548387129e+01 0.000000000000000000e+00 0.000000000000000000e+00 0.000000000000000000e+00 0.000000000000000000e+00 0.000000000000000000e+00 1.248997999999999990e+02 9.018483613445378921e+01 7.626964999999999861e+01 1.050000000000000000e+02 0.000000000000000000e+00 0.000000000000000000e+00 1.595000000000000000e+02 9.105263157894736992e+01 0.000000000000000000e+00 7.662931034482758719e+01 0.000000000000000000e+00 8.506427142857143053e+01 0.000000000000000000e+00 1.046784571428571553e+02 1.032999999999999972e+02 8.500000000000000000e+01 0.000000000000000000e+00 0.000000000000000000e+00 0.000000000000000000e+00 0.000000000000000000e+00 7.623385161290322287e+01 7.526883639344262633e+01 0.000000000000000000e+00 1.419406435643564350e+02 1.523330324594257377e+02 1.501704042553191414e+02 1.452390845070422642e+02 1.228103076923077026e+02 1.511856421052631276e+02 0.000000000000000000e+00 0.000000000000000000e+00 0.000000000000000000e+00 0.000000000000000000e+00 0.000000000000000000e+00 0.000000000000000000e+00 0.000000000000000000e+00 0.000000000000000000e+00 1.500709999999999980e+02 1.340000000000000000e+02 1.377031951219512109e+02 0.000000000000000000e+00 1.358750000000000000e+02 0.000000000000000000e+00 0.000000000000000000e+00 1.586670000000000016e+02 0.000000000000000000e+00 0.000000000000000000e+00 0.000000000000000000e+00 0.000000000000000000e+00 0.000000000000000000e+00 0.000000000000000000e+00 1.791496999999999957e+02 0.000000000000000000e+00 0.000000000000000000e+00 0.000000000000000000e+00 1.778571428571428612e+02 0.000000000000000000e+00 0.000000000000000000e+00 0.000000000000000000e+00 8.672823260869564876e+01 1.332435248226950364e+02 0.000000000000000000e+00 0.000000000000000000e+00 9.732758620689655515e+01 0.000000000000000000e+00 0.000000000000000000e+00 0.000000000000000000e+00 0.000000000000000000e+00 9.928058536585365346e+01 1.405102121212121347e+02 0.000000000000000000e+00 1.825000000000000000e+02 0.000000000000000000e+00
5.679387540343237895e+00 3.802464567567567677e+00 0.000000000000000000e+00 1.553182056671992051e+01 4.073531535445634510e+00 9.817922159884830080e+00 1.106118457697323088e+01 0.000000000000000000e+00 0.000000000000000000e+00 0.000000000000000000e+00 0.000000000000000000e+00 0.000000000000000000e+00 0.000000000000000000e+00 6.616292359550561741e+01 0.000000000000000000e+00 8.675000000000000000e+01 0.000000000000000000e+00 0.000000000000000000e+00 0.000000000000000000e+00 0.000000000000000000e+00 0.000000000000000000e+00 1.052266933333333299e+02 0.000000000000000000e+00 0.000000000000000000e+00 0.000000000000000000e+00 0.000000000000000000e+00 0.000000000000000000e+00 1.304000000000000057e+02 9.756814318181817214e+01 8.406629171270718359e+01 1.000000000000000000e+02 0.000000000000000000e+00 0.000000000000000000e+00 1.800000000000000000e+02 9.509089090909090203e+01 0.000000000000000000e+00 7.373336666666666872e+01 0.000000000000000000e+00 1.026496899999999926e+02 0.000000000000000000e+00 1.087608840579710261e+02 1.094687500000000000e+02 0.000000000000000000e+00 0.000000000000000000e+00 0.000000000000000000e+00 0.000000000000000000e+00 0.000000000000000000e+00 6.360975582655827054e+01 7.994153910112359540e+01 0.000000000000000000e+00 1.376664999999999850e+02 1.069480406040268434e+02 1.489089999999999918e+02 3.461058151879116362e+00 1.096379975330396519e+02 9.784521403785487337e+01 0.000000000000000000e+00 0.000000000000000000e+00 0.000000000000000000e+00 0.000000000000000000e+00 0.000000000000000000e+00 0.000000000000000000e+00 0.000000000000000000e+00 0.000000000000000000e+00 1.525000000000000000e+02 1.730000000000000000e+02 1.408909999999999911e+02 0.000000000000000000e+00 1.340000000000000000e+02 0.000000000000000000e+00 0.000000000000000000e+00 1.562500000000000000e+02 0.000000000000000000e+00 0.000000000000000000e+00 0.000000000000000000e+00 0.000000000000000000e+00 0.000000000000000000e+00 0.000000000000000000e+00 1.855000000000000000e+02 0.000000000000000000e+00 0.000000000000000000e+00 0.000000000000000000e+00 1.575000000000000000e+02 0.000000000000000000e+00 0.000000000000000000e+00 0.000000000000000000e+00 8.685000000000000853e+01 1.323978591549295629e+02 0.000000000000000000e+00 0.000000000000000000e+00 9.100000000000000000e+01 0.000000000000000000e+00 0.000000000000000000e+00 0.000000000000000000e+00 0.000000000000000000e+00 8.073262708333334103e+01 1.320001818181818294e+02 0.000000000000000000e+00 0.000000000000000000e+00 0.000000000000000000e+00
3.582189447154471651e+01 7.482580319118552481e+00 1.553182056671992051e+01 0.000000000000000000e+00 5.063178547486033665e+01 2.916777710642553245e+01 8.091607522097723049e+00 8.266670000000000584e+01 0.000000000000000000e+00 9.500000000000000000e+01 0.000000000000000000e+00 0.000000000000000000e+00 0.000000000000000000e+00 3.152218485407581738e+01 1.391622540761812132e+01 5.037504680964643100e+00 0.000000000000000000e+00 6.900000000000000000e+01 1.204444444444444571e+02 0.000000000000000000e+00 0.000000000000000000e+00 7.317809572649571237e+01 0.000000000000000000e+00 0.000000000000000000e+00 0.000000000000000000e+00 0.000000000000000000e+00 0.000000000000000000e+00 9.852779999999999916e+01 8.629538514851483910e+01 7.363423256130791117e+01 2.795650000000000190e+01 0.000000000000000000e+00 0.000000000000000000e+00 0.000000000000000000e+00 4.667488572078217146e+01 1.130627499999999941e+02 5.215797937088514402e+01 0.000000000000000000e+00 4.747593698264353179e+01 0.000000000000000000e+00 1.006487131428571331e+02 8.643420000000000414e+01 5.824709429946794970e+00 0.000000000000000000e+00 0.000000000000000000e+00 0.000000000000000000e+00 0.000000000000000000e+00 3.315567346091351908e+01 7.037537316553725475e+01 0.000000000000000000e+00 1.414469806094182900e+02 1.507108092832333455e+02 1.381148986175114999e+02 1.397872000000000128e+02 1.155367604696673141e+02 1.422080944855413520e+02 0.000000000000000000e+00 0.000000000000000000e+00 0.000000000000000000e+00 0.000000000000000000e+00 1.555000000000000000e+02 0.000000000000000000e+00 0.000000000000000000e+00 0.000000000000000000e+00 1.493893333333333260e+02 1.173754166666666521e+02 1.225401341463414724e+02 0.000000000000000000e+00 1.480000000000000000e+02 0.000000000000000000e+00 0.000000000000000000e+00 1.529089999999999918e+02 0.000000000000000000e+00 0.000000000000000000e+00 0.000000000000000000e+00 0.000000000000000000e+00 0.000000000000000000e+00 0.000000000000000000e+00 1.783545000000000300e+02 0.000000000000000000e+00 0.000000000000000000e+00 0.000000000000000000e+00 1.732355294117647020e+02 0.000000000000000000e+00 0.000000000000000000e+00 0.000000000000000000e+00 6.741990192307692098e+01 1.186376246958637495e+02 0.000000000000000000e+00 0.000000000000000000e+00 9.863886666666668646e+01 0.000000000000000000e+00 0.000000000000000000e+00 0.000000000000000000e+00 0.000000000000000000e+00 7.302353948919450488e+01 1.372156557377049069e+02 0.000000000000000000e+00 0.000000000000000000e+00 0.000000000000000000e+00
9.419436777675176842e+00 3.961056105263158145e+01 4.073531535445634510e+00 5.063178547486033665e+01 0.000000000000000000e+00 5.286033113997625321e+00 4.336629562398704252e+01 0.000000000000000000e+00 8.900000000000000000e+01 0.000000000000000000e+00 0.000000000000000000e+00 0.000000000000000000e+00 0.000000000000000000e+00 1.592406614673599208e+01 4.212109130434782855e+01 5.662995200000000295e+01 0.000000000000000000e+00 0.000000000000000000e+00 6.034720000000000795e+01 9.950000000000000000e+01 0.000000000000000000e+00 7.131676666666666620e+01 0.000000000000000000e+00 5.650000000000000000e+01 0.000000000000000000e+00 9.250000000000000000e+01 0.000000000000000000e+00 6.994541090909089576e+01 4.002291918519721037e+01 3.285816298047402739e+01 6.418750000000000000e+01 0.000000000000000000e+00 0.000000000000000000e+00 0.000000000000000000e+00 6.094440000000000168e+01 6.045040000000000191e+01 4.626189999999999714e+01 0.000000000000000000e+00 5.434164000000000527e+01 5.462500000000000000e+01 6.767254782608695507e+01 7.295835000000001003e+01 5.931919574468084733e+01 0.000000000000000000e+00 0.000000000000000000e+00 0.000000000000000000e+00 0.000000000000000000e+00 1.434390767582049619e+01 5.910815344300287322e+00 0.000000000000000000e+00 9.281858938053098029e+01 1.377500000000000000e+02 1.435000000000000000e+02 3.598855597609561308e+00 6.802869649681528585e+01 1.515000000000000000e+02 0.000000000000000000e+00 0.000000000000000000e+00 9.850000000000000000e+01 0.000000000000000000e+00 0.000000000000000000e+00 0.000000000000000000e+00 0.000000000000000000e+00 0.000000000000000000e+00 0.000000000000000000e+00 0.000000000000000000e+00 1.025499999999999972e+02 0.000000000000000000e+00 9.831329999999999814e+01 0.000000000000000000e+00 1.080000000000000000e+02 1.245000000000000000e+02 0.000000000000000000e+00 0.000000000000000000e+00 0.000000000000000000e+00 0.000000000000000000e+00 0.000000000000000000e+00 0.000000000000000000e+00 1.321250000000000000e+02 0.000000000000000000e+00 0.000000000000000000e+00 0.000000000000000000e+00 0.000000000000000000e+00 0.000000000000000000e+00 0.000000000000000000e+00 0.000000000000000000e+00 5.772220000000000795e+01 9.323770000000000380e+01 0.000000000000000000e+00 0.000000000000000000e+00 7.106759999999999877e+01 0.000000000000000000e+00 0.000000000000000000e+00 0.000000000000000000e+00 0.000000000000000000e+00 5.926591161048689571e+01 8.582191095890411248e+01 0.000000000000000000e+00 0.000000000000000000e+00 0.000000000000000000e+00
2.239698411655477628e+01 2.696252791350280731e+01 9.817922159884830080e+00 2.916777710642553245e+01 5.286033113997625321e+00 0.000000000000000000e+00 9.291296884046852611e+00 0.000000000000000000e+00 5.037491691470054178e+01 4.396554482758621418e+01 3.037502500000000083e+01 1.045000000000000000e+02 6.750000000000000000e+01 4.439226464088397961e+01 3.628859771428571435e+01 6.291691384615384663e+01 0.000000000000000000e+00 0.000000000000000000e+00 5.904339948892675238e+01 6.020066695880806407e+01 5.514289523809523530e+01 5.267240482758619891e+01 5.875000000000000000e+01 5.179545454545454675e+01 4.557938301886792942e+01 6.601073412271259144e+01 6.839282857142856642e+01 5.538662690217391216e+00 4.005317279635258387e+01 5.089541938775509777e+01 5.541666666666667140e+01 6.601560000000000628e+01 9.150000000000000000e+01 1.310000000000000000e+02 3.018233241830065339e+01 6.764940916334660415e+01 3.626299893364928550e+01 6.130543720136518715e+01 5.227976827195467280e+01 2.665712008869179073e+01 6.558332000000000050e+01 6.600001249999999686e+01 6.653230322580645861e+01 7.254089005524862444e+01 6.047916666666667140e+01 8.400000000000000000e+01 7.058533170731706718e+01 1.109884039774303943e+01 7.011296948223252556e+00 0.000000000000000000e+00 8.868026296928326246e+01 1.245501220268872800e+02 1.210927371134020660e+02 1.092084616384915563e+01 5.479079657403662651e+01 5.878564938917975269e+01 5.000000000000000000e+01 0.000000000000000000e+00 1.018333333333333428e+02 5.677186071428571523e+01 1.192500000000000000e+02 0.000000000000000000e+00 6.700000000000000000e+01 6.086359999999999815e+01 1.237066896551724113e+02 1.085000000000000000e+02 1.051553961661341816e+02 0.000000000000000000e+00 9.648020548780486649e+01 6.036359999999999815e+01 1.085000000000000000e+02 1.185322903225806499e+02 1.005000000000000000e+02 5.102496166666667676e+01 0.000000000000000000e+00 0.000000000000000000e+00 9.306666666666666288e+01 1.167761748633879648e+01 1.408480000000000132e+02 8.325000000000000000e+01 1.030000000000000000e+02 6.033330000000000126e+01 1.307841216216216083e+02 0.000000000000000000e+00 5.750000000000000000e+01 0.000000000000000000e+00 4.616885515463917500e+01 9.950524659400545602e+01 0.000000000000000000e+00 1.015000000000000000e+02 7.157344858757062411e+01 7.010528947368422337e+01 1.163574285714285566e+02 0.000000000000000000e+00 0.000000000000000000e+00 3.200358329358527953e+01 9.263454935822637992e+01 1.405835000000000150e+02 1.310000000000000000e+02 0.000000000000000000e+00
3.729123096590909370e+01 3.103753250000000463e+01 1.106118457697323088e+01 8.091607522097723049e+00 4.336629562398704252e+01 9.291296884046852611e+00 0.000000000000000000e+00 0.000000000000000000e+00 0.000000000000000000e+00 0.000000000000000000e+00 0.000000000000000000e+00 0.000000000000000000e+00 0.000000000000000000e+00 6.315000000000000568e+01 3.916667222222221767e+01 4.010980939798081124e+00 0.000000000000000000e+00 0.000000000000000000e+00 1.615000000000000000e+02 0.000000000000000000e+00 0.000000000000000000e+00 1.021050000000000040e+02 0.000000000000000000e+00 0.000000000000000000e+00 0.000000000000000000e+00 0.000000000000000000e+00 0.000000000000000000e+00 0.000000000000000000e+00 1.098888888888888857e+02 9.358333333333332860e+01 8.875000000000000000e+01 0.000000000000000000e+00 0.000000000000000000e+00 0.000000000000000000e+00 5.565517601156068750e+00 1.548329999999999984e+02 5.141902960235641018e+01 0.000000000000000000e+00 2.806537538461538617e+01 0.000000000000000000e+00 1.251250000000000000e+02 0.000000000000000000e+00 5.190480000000000160e+01 0.000000000000000000e+00 0.000000000000000000e+00 0.000000000000000000e+00 0.000000000000000000e+00 2.563414366056809612e+01 6.286860319148936327e+01 0.000000000000000000e+00 1.295812812499999893e+02 1.443524924029262593e+02 1.309785891891891936e+02 9.290824651043006810e+00 1.031922423182949018e+02 7.615281857506361973e+01 0.000000000000000000e+00 0.000000000000000000e+00 0.000000000000000000e+00 0.000000000000000000e+00 1.595000000000000000e+02 0.000000000000000000e+00 0.000000000000000000e+00 0.000000000000000000e+00 1.505627499999999941e+02 1.126670000000000016e+02 1.146069263622975001e+02 0.000000000000000000e+00 0.000000000000000000e+00 0.000000000000000000e+00 0.000000000000000000e+00 1.356670000000000016e+02 0.000000000000000000e+00 0.000000000000000000e+00 0.000000000000000000e+00 0.000000000000000000e+00 0.000000000000000000e+00 0.000000000000000000e+00 1.668126249999999970e+02 0.000000000000000000e+00 0.000000000000000000e+00 0.000000000000000000e+00 1.702500000000000000e+02 0.000000000000000000e+00 0.000000000000000000e+00 0.000000000000000000e+00 6.070753773584905844e+01 1.079421850843767174e+02 0.000000000000000000e+00 0.000000000000000000e+00 8.762500000000000000e+01 0.000000000000000000e+00 0.000000000000000000e+00 0.000000000000000000e+00 0.000000000000000000e+00 6.948459708349980701e+01 1.244424597701149366e+02 0.000000000000000000e+00 0.000000000000000000e+00 0.000000000000000000e+00
0.000000000000000000e+00 0.000000000000000000e+00 0.000000000000000000e+00 8.266670000000000584e+01 0.000000000000000000e+00 0.000000000000000000e+00 0.000000000000000000e+00 0.000000000000000000e+00 4.940183358959735926e+00 5.650000000000000000e+01 4.606082432432432228e+01 5.104566989247311426e+01 4.323233537687759309e+00 7.526473552941176592e+01 6.275002641509433943e+01 4.980229069767441530e+01 3.311767058823529197e+01 6.780015293707455371e+00 7.696770281933256186e+00 6.112947679766330467e+00 5.661165267857143135e+01 5.804434840720221445e+01 5.442307985347984811e+01 7.166670000000000584e+01 0.000000000000000000e+00 0.000000000000000000e+00 0.000000000000000000e+00 8.422224444444444202e+01 9.161360000000000525e+01 7.850449999999999307e+01 4.858272051419389470e+01 0.000000000000000000e+00 5.454149781659388907e+01 0.000000000000000000e+00 0.000000000000000000e+00 0.000000000000000000e+00 0.000000000000000000e+00 5.475000000000000000e+01 0.000000000000000000e+00 0.000000000000000000e+00 1.103571428571428612e+02 8.157141428571428321e+01 5.878064802494802166e+01 0.000000000000000000e+00 4.753479037433154986e+01 0.000000000000000000e+00 6.484284285714285545e+01 0.000000000000000000e+00 6.686630076086957786e+01 7.643752500000000794e+01 0.000000000000000000e+00 0.000000000000000000e+00 0.000000000000000000e+00 0.000000000000000000e+00 0.000000000000000000e+00 0.000000000000000000e+00 0.000000000000000000e+00 0.000000000000000000e+00 0.000000000000000000e+00 0.000000000000000000e+00 0.000000000000000000e+00 0.000000000000000000e+00 0.000000000000000000e+00 0.000000000000000000e+00 0.000000000000000000e+00 0.000000000000000000e+00 0.000000000000000000e+00 0.000000000000000000e+00 0.000000000000000000e+00 0.000000000000000000e+00 0.000000000000000000e+00 0.000000000000000000e+00 0.000000000000000000e+00 0.000000000000000000e+00 0.000000000000000000e+00 0.000000000000000000e+00 0.000000000000000000e+00 0.000000000000000000e+00 0.000000000000000000e+00 0.000000000000000000e+00 0.000000000000000000e+00 0.000000000000000000e+00 0.000000000000000000e+00 0.000000000000000000e+00 0.000000000000000000e+00 0.000000000000000000e+00 0.000000000000000000e+00 0.000000000000000000e+00 0.000000000000000000e+00 0.000000000000000000e+00 0.000000000000000000e+00 0.000000000000000000e+00 0.000000000000000000e+00 0.000000000000000000e+00 0.000000000000000000e+00 0.000000000000000000e+00 1.160000000000000000e+02 0.000000000000000000e+00 0.000000000000000000e+00 0.000000000000000000e+00
0.000000000000000000e+00 0.000000000000000000e+00 0.000000000000000000e+00 0.000000000000000000e+00 8.900000000000000000e+01 5.037491691470054178e+01 0.000000000000000000e+00 4.940183358959735926e+00 0.000000000000000000e+00 6.573336000000000467e+01 5.356756756756756488e+01 7.500000000000000000e+01 6.244641428571428321e+01 8.627649058823530481e+01 6.337496923076923139e+01 8.516666666666667140e+01 6.250000000000000000e+01 1.714567219917012153e+01 5.386613033304776366e+00 7.308120038305003341e+00 6.975000000000000000e+01 6.477222206266318949e+01 6.857693846153846096e+01 1.055502599206349146e+01 3.055536692714595048e+00 1.435000000000000000e+02 4.931980710353400355e+00 6.362497499999999917e+01 8.420297029702970804e+01 1.020714285714285694e+02 5.676718549618320253e+01 1.420000000000000000e+02 7.287500000000000000e+01 0.000000000000000000e+00 7.275000000000000000e+01 5.898611851851852350e+01 2.943582531961334681e+01 1.375000000000000000e+02 4.370183004484304945e+01 4.175925925925925242e+01 1.417500000000000000e+02 1.008333333333333286e+02 6.458507053941907827e+01 1.680000000000000000e+02 6.784091818181818212e+01 0.000000000000000000e+00 7.383333333333332860e+01 4.183049512889630961e+01 7.266947245814976952e+01 0.000000000000000000e+00 0.000000000000000000e+00 0.000000000000000000e+00 0.000000000000000000e+00 0.000000000000000000e+00 5.339951098315998479e+01 0.000000000000000000e+00 9.133329999999999416e+01 0.000000000000000000e+00 1.015482580645161335e+02 9.481319975041597559e+01 1.090000142857142862e+02 0.000000000000000000e+00 1.002000000000000028e+02 9.860939999999999372e+01 0.000000000000000000e+00 0.000000000000000000e+00 0.000000000000000000e+00 0.000000000000000000e+00 1.058756894197952221e+02 8.418860658682633868e+01 1.025000000000000000e+02 1.135000000000000000e+02 9.352841772428882905e+01 7.573924028629856764e+01 0.000000000000000000e+00 0.000000000000000000e+00 2.964171333333333536e+01 4.197500000000000142e+01 0.000000000000000000e+00 0.000000000000000000e+00 0.000000000000000000e+00 9.013636363636364024e+01 0.000000000000000000e+00 0.000000000000000000e+00 9.600000000000000000e+01 0.000000000000000000e+00 3.745693295880149520e+01 9.462500000000000000e+01 0.000000000000000000e+00 7.800000000000000000e+01 0.000000000000000000e+00 3.975000000000000000e+01 2.060000000000000000e+02 0.000000000000000000e+00 0.000000000000000000e+00 1.200000000000000000e+02 1.203768043478260807e+02 0.000000000000000000e+00 1.253333333333333428e+02 0.000000000000000000e+00
0.000000000000000000e+00 0.000000000000000000e+00 0.000000000000000000e+00 9.500000000000000000e+01 0.000000000000000000e+00 4.396554482758621418e+01 0.000000000000000000e+00 5.650000000000000000e+01 6.573336000000000467e+01 0.000000000000000000e+00 1.066858009471683388e+01 1.170491287166085925e+01 5.719014929577465267e+01 7.193752499999999372e+01 7.100000000000000000e+01 6.711609821428571365e+01 3.992430000000000234e+01 4.142306153846153904e+01 6.054716923076924218e+01 1.015000000000000000e+02 6.930240846484324813e+00 1.114609742584047503e+01 6.157410000000000849e+01 5.935415000000000418e+01 0.000000000000000000e+00 0.000000000000000000e+00 0.000000000000000000e+00 5.831483333333332553e+01 2.617015333333333515e+01 5.264577437185928943e+01 4.392854285714285822e+01 0.000000000000000000e+00 5.585501529126213427e+01 0.000000000000000000e+00 7.400000000000000000e+01 7.004765000000000441e+01 0.000000000000000000e+00 0.000000000000000000e+00 7.325000000000000000e+01 0.000000000000000000e+00 9.318929222047840355e+00 1.218188148108131408e+01 7.560602142392012226e+00 0.000000000000000000e+00 0.000000000000000000e+00 0.000000000000000000e+00 6.978571428571427759e+01 3.467859999999999587e+01 6.102478877284595171e+01 4.919611537020012193e+00 0.000000000000000000e+00 0.000000000000000000e+00 0.000000000000000000e+00 0.000000000000000000e+00 7.062502500000000794e+01 0.000000000000000000e+00 0.000000000000000000e+00 0.000000000000000000e+00 0.000000000000000000e+00 0.000000000000000000e+00 0.000000000000000000e+00 0.000000000000000000e+00 0.000000000000000000e+00 0.000000000000000000e+00 0.000000000000000000e+00 0.000000000000000000e+00 0.000000000000000000e+00 0.000000000000000000e+00 0.000000000000000000e+00 0.000000000000000000e+00 0.000000000000000000e+00 0.000000000000000000e+00 0.000000000000000000e+00 0.000000000000000000e+00 0.000000000000000000e+00 0.000000000000000000e+00 0.000000000000000000e+00 0.000000000000000000e+00 0.000000000000000000e+00 0.000000000000000000e+00 0.000000000000000000e+00 0.000000000000000000e+00 0.000000000000000000e+00 0.000000000000000000e+00 0.000000000000000000e+00 0.000000000000000000e+00 0.000000000000000000e+00 0.000000000000000000e+00 0.000000000000000000e+00 0.000000000000000000e+00 0.000000000000000000e+00 0.000000000000000000e+00 0.000000000000000000e+00 0.000000000000000000e+00 0.000000000000000000e+00 0.000000000000000000e+00 1.078330000000000126e+02 0.000000000000000000e+00 0.000000000000000000e+00 0.000000000000000000e+00
0.000000000000000000e+00 0.000000000000000000e+00 0.000000000000000000e+00 0.000000000000000000e+00 0.000000000000000000e+00 3.037502500000000083e+01 0.000000000000000000e+00 4.606082432432432228e+01 5.356756756756756488e+01 1.066858009471683388e+01 0.000000000000000000e+00 9.212071979745282135e+00 4.379166666666666430e+01 7.171429999999999438e+01 9.000000000000000000e+01 5.724997499999999917e+01 2.907749379145662161e+01 3.923137014925372767e+01 5.174625671641791769e+01 5.454169999999999874e+01 3.144032491852594546e+01 1.277749294696919335e+01 9.439279305084745886e+00 4.393859824561403826e+01 0.000000000000000000e+00 0.000000000000000000e+00 0.000000000000000000e+00 5.366666666666667140e+01 3.658430722891566234e+01 7.353332666666666739e+01 4.678258260869565532e+01 0.000000000000000000e+00 5.856506412698412589e+01 0.000000000000000000e+00 0.000000000000000000e+00 5.688237058823528969e+01 0.000000000000000000e+00 0.000000000000000000e+00 0.000000000000000000e+00 0.000000000000000000e+00 7.077966271186440395e+01 6.033149999999999835e+01 5.575000000000000000e+01 0.000000000000000000e+00 4.225000000000000000e+01 0.000000000000000000e+00 6.980000499999999874e+01 1.933870645161290369e+01 3.749261960784313885e+01 0.000000000000000000e+00 0.000000000000000000e+00 0.000000000000000000e+00 0.000000000000000000e+00 0.000000000000000000e+00 0.000000000000000000e+00 0.000000000000000000e+00 0.000000000000000000e+00 0.000000000000000000e+00 0.000000000000000000e+00 0.000000000000000000e+00 0.000000000000000000e+00 0.000000000000000000e+00 0.000000000000000000e+00 0.000000000000000000e+00 0.000000000000000000e+00 0.000000000000000000e+00 0.000000000000000000e+00 0.000000000000000000e+00 0.000000000000000000e+00 0.000000000000000000e+00 0.000000000000000000e+00 0.000000000000000000e+00 0.000000000000000000e+00 0.000000000000000000e+00 0.000000000000000000e+00 0.000000000000000000e+00 0.000000000000000000e+00 0.000000000000000000e+00 0.000000000000000000e+00 0.000000000000000000e+00 0.000000000000000000e+00 0.000000000000000000e+00 0.000000000000000000e+00 0.000000000000000000e+00 0.000000000000000000e+00 0.000000000000000000e+00 0.000000000000000000e+00 0.000000000000000000e+00 0.000000000000000000e+00 0.000000000000000000e+00 0.000000000000000000e+00 0.000000000000000000e+00 0.000000000000000000e+00 0.000000000000000000e+00 0.000000000000000000e+00 0.000000000000000000e+00 1.240000000000000000e+02 0.000000000000000000e+00 0.000000000000000000e+00 0.000000000000000000e+00
0.000000000000000000e+00 0.000000000000000000e+00 0.000000000000000000e+00 0.000000000000000000e+00 0.000000000000000000e+00 1.045000000000000000e+02 0.000000000000000000e+00 5.104566989247311426e+01 7.500000000000000000e+01 1.170491287166085925e+01 9.212071979745282135e+00 0.000000000000000000e+00 3.946973046620251502e+00 9.695000000000000284e+01 0.000000000000000000e+00 7.600000000000000000e+01 1.468240925821596221e+01 3.703481990049751005e+01 6.975000000000000000e+01 7.900000000000000000e+01 7.299943898924579955e+00 5.517339959677419614e+01 6.622140648642377059e+00 6.450000000000000000e+01 0.000000000000000000e+00 0.000000000000000000e+00 0.000000000000000000e+00 0.000000000000000000e+00 0.000000000000000000e+00 9.680827945205479068e+01 5.680765796703296644e+01 0.000000000000000000e+00 3.523118448124451518e+00 0.000000000000000000e+00 0.000000000000000000e+00 0.000000000000000000e+00 0.000000000000000000e+00 5.700000000000000000e+01 0.000000000000000000e+00 0.000000000000000000e+00 1.100750000000000028e+02 8.959586575342466119e+01 6.769117647058823195e+01 0.000000000000000000e+00 6.300000000000000000e+01 0.000000000000000000e+00 1.883796820987654286e+01 0.000000000000000000e+00 8.667650000000001853e+01 0.000000000000000000e+00 0.000000000000000000e+00 0.000000000000000000e+00 0.000000000000000000e+00 0.000000000000000000e+00 0.000000000000000000e+00 0.000000000000000000e+00 0.000000000000000000e+00 0.000000000000000000e+00 0.000000000000000000e+00 0.000000000000000000e+00 0.000000000000000000e+00 0.000000000000000000e+00 0.000000000000000000e+00 0.000000000000000000e+00 0.000000000000000000e+00 0.000000000000000000e+00 0.000000000000000000e+00 0.000000000000000000e+00 0.000000000000000000e+00 0.000000000000000000e+00 0.000000000000000000e+00 0.000000000000000000e+00 0.000000000000000000e+00 0.000000000000000000e+00 0.000000000000000000e+00 0.000000000000000000e+00 0.000000000000000000e+00 0.000000000000000000e+00 0.000000000000000000e+00 0.000000000000000000e+00 0.000000000000000000e+00 0.000000000000000000e+00 0.000000000000000000e+00 0.000000000000000000e+00 0.000000000000000000e+00 0.000000000000000000e+00 0.000000000000000000e+00 0.000000000000000000e+00 0.000000000000000000e+00 0.000000000000000000e+00 0.000000000000000000e+00 0.000000000000000000e+00 0.000000000000000000e+00 0.000000000000000000e+00 0.000000000000000000e+00 0.000000000000000000e+00 0.000000000000000000e+00 0.000000000000000000e+00 0.000000000000000000e+00 0.000000000000000000e+00
0.000000000000000000e+00 0.000000000000000000e+00 0.000000000000000000e+00 0.000000000000000000e+00 0.000000000000000000e+00 6.750000000000000000e+01 0.000000000000000000e+00 4.323233537687759309e+00 6.244641428571428321e+01 5.719014929577465267e+01 4.379166666666666430e+01 3.946973046620251502e+00 0.000000000000000000e+00 8.436693302752293278e+01 9.050000000000000000e+01 5.475000000000000000e+01 4.343178291901256038e+00 8.355432375231053754e+00 7.208329999999999416e+01 3.219242279655400552e+00 6.076201960784313627e+01 5.182530346666666787e+01 4.543329333333333153e+01 0.000000000000000000e+00 8.075000000000000000e+01 0.000000000000000000e+00 0.000000000000000000e+00 6.766670000000000584e+01 7.179999999999999716e+01 8.750242622549019700e+01 5.847639528619528448e+01 0.000000000000000000e+00 5.721957731537855807e+00 0.000000000000000000e+00 0.000000000000000000e+00 0.000000000000000000e+00 0.000000000000000000e+00 5.750000000000000000e+01 0.000000000000000000e+00 0.000000000000000000e+00 1.160495999999999981e+02 8.758072857142857970e+01 6.486827311827957487e+01 0.000000000000000000e+00 4.192857142857143060e+01 0.000000000000000000e+00 5.938460000000000605e+01 7.700000000000000000e+01 6.611234278074866211e+01 8.433329999999999416e+01 0.000000000000000000e+00 0.000000000000000000e+00 0.000000000000000000e+00 0.000000000000000000e+00 0.000000000000000000e+00 0.000000000000000000e+00 0.000000000000000000e+00 0.000000000000000000e+00 0.000000000000000000e+00 0.000000000000000000e+00 0.000000000000000000e+00 0.000000000000000000e+00 0.000000000000000000e+00 0.000000000000000000e+00 0.000000000000000000e+00 0.000000000000000000e+00 0.000000000000000000e+00 0.000000000000000000e+00 0.000000000000000000e+00 0.000000000000000000e+00 0.000000000000000000e+00 0.000000000000000000e+00 0.000000000000000000e+00 0.000000000000000000e+00 0.000000000000000000e+00 0.000000000000000000e+00 0.000000000000000000e+00 0.000000000000000000e+00 0.000000000000000000e+00 0.000000000000000000e+00 0.000000000000000000e+00 0.000000000000000000e+00 0.000000000000000000e+00 0.000000000000000000e+00 0.000000000000000000e+00 0.000000000000000000e+00 0.000000000000000000e+00 0.000000000000000000e+00 0.000000000000000000e+00 0.000000000000000000e+00 0.000000000000000000e+00 0.000000000000000000e+00 0.000000000000000000e+00 0.000000000000000000e+00 0.000000000000000000e+00 0.000000000000000000e+00 1.175000000000000000e+02 0.000000000000000000e+00 0.000000000000000000e+00 0.000000000000000000e+00
6.214937233716474552e+00 1.003238802480916014e+01 6.616292359550561741e+01 3.152218485407581738e+01 1.592406614673599208e+01 4.439226464088397961e+01 6.315000000000000568e+01 7.526473552941176592e+01 8.627649058823530481e+01 7.193752499999999372e+01 7.171429999999999438e+01 9.695000000000000284e+01 8.436693302752293278e+01 0.000000000000000000e+00 7.359211975325155919e+00 7.841669583333333549e+01 7.210609999999999786e+01 7.297224444444444202e+01 7.638602227979274062e+01 8.904543636363635528e+01 6.180370280373831804e+01 7.544857289719627147e+01 9.781818181818181301e+01 8.381251249999999686e+01 0.000000000000000000e+00 0.000000000000000000e+00 0.000000000000000000e+00 9.278408409090909004e+01 4.012579329067287404e+01 1.214170597508493721e+01 5.530230923694779221e+01 0.000000000000000000e+00 8.850003453237410156e+01 0.000000000000000000e+00 8.979999000000000819e+01 1.061666666666666714e+02 8.127274545454545773e+01 0.000000000000000000e+00 9.134999999999999432e+01 0.000000000000000000e+00 6.991923656387665176e+01 6.796428333333332716e+01 4.597469498912155927e+01 0.000000000000000000e+00 9.087500000000000000e+01 0.000000000000000000e+00 1.065002499999999941e+02 5.247723636363636501e+01 7.112809294364413226e+00 5.028578931009532127e+00 1.281666666666666572e+02 0.000000000000000000e+00 0.000000000000000000e+00 0.000000000000000000e+00 1.127144285714285701e+02 0.000000000000000000e+00 0.000000000000000000e+00 0.000000000000000000e+00 0.000000000000000000e+00 0.000000000000000000e+00 0.000000000000000000e+00 0.000000000000000000e+00 0.000000000000000000e+00 0.000000000000000000e+00 0.000000000000000000e+00 0.000000000000000000e+00 1.369000000000000057e+02 0.000000000000000000e+00 1.545000000000000000e+02 0.000000000000000000e+00 0.000000000000000000e+00 2.245000000000000000e+02 0.000000000000000000e+00 0.000000000000000000e+00 0.000000000000000000e+00 0.000000000000000000e+00 0.000000000000000000e+00 0.000000000000000000e+00 0.000000000000000000e+00 0.000000000000000000e+00 0.000000000000000000e+00 0.000000000000000000e+00 0.000000000000000000e+00 0.000000000000000000e+00 0.000000000000000000e+00 0.000000000000000000e+00 7.275000000000000000e+01 1.330620000000000118e+02 0.000000000000000000e+00 0.000000000000000000e+00 1.120000000000000000e+02 0.000000000000000000e+00 0.000000000000000000e+00 0.000000000000000000e+00 0.000000000000000000e+00 8.350000000000000000e+01 1.295000000000000000e+02 0.000000000000000000e+00 0.000000000000000000e+00 0.000000000000000000e+00
1.075124966966966866e+01 6.384297152708374945e+00 0.000000000000000000e+00 1.391622540761812132e+01 4.212109130434782855e+01 3.628859771428571435e+01 3.916667222222221767e+01 6.275002641509433943e+01 6.337496923076923139e+01 7.100000000000000000e+01 9.000000000000000000e+01 0.000000000000000000e+00 9.050000000000000000e+01 7.359211975325155919e+00 0.000000000000000000e+00 2.267803835616437880e+01 0.000000000000000000e+00 5.324999677419354782e+01 5.823110588235294927e+01 9.250000000000000000e+01 2.250000000000000000e+01 6.891105996810206591e+01 0.000000000000000000e+00 0.000000000000000000e+00 0.000000000000000000e+00 0.000000000000000000e+00 0.000000000000000000e+00 9.217795932203388531e+01 7.535098705882353443e+01 4.559956198390028703e+01 4.606911893147503179e+01 0.000000000000000000e+00 0.000000000000000000e+00 0.000000000000000000e+00 7.828571428571427759e+01 1.545000000000000000e+02 6.516666666666667140e+01 0.000000000000000000e+00 7.827777777777778567e+01 0.000000000000000000e+00 8.387650451807229501e+01 5.566944745762711477e+01 1.435584148110446634e+01 0.000000000000000000e+00 8.150000000000000000e+01 1.290000000000000000e+02 0.000000000000000000e+00 5.300000000000000000e+01 6.338492857142857417e+01 4.603490089818060405e+00 0.000000000000000000e+00 1.455000000000000000e+02 0.000000000000000000e+00 0.000000000000000000e+00 0.000000000000000000e+00 0.000000000000000000e+00 0.000000000000000000e+00 0.000000000000000000e+00 0.000000000000000000e+00 0.000000000000000000e+00 0.000000000000000000e+00 0.000000000000000000e+00 0.000000000000000000e+00 0.000000000000000000e+00 0.000000000000000000e+00 0.000000000000000000e+00 1.327500000000000000e+02 0.000000000000000000e+00 2.025000000000000000e+02 0.000000000000000000e+00 0.000000000000000000e+00 0.000000000000000000e+00 0.000000000000000000e+00 0.000000000000000000e+00 0.000000000000000000e+00 0.000000000000000000e+00 0.000000000000000000e+00 0.000000000000000000e+00 0.000000000000000000e+00 0.000000000000000000e+00 0.000000000000000000e+00 0.000000000000000000e+00 0.000000000000000000e+00 0.000000000000000000e+00 0.000000000000000000e+00 0.000000000000000000e+00 0.000000000000000000e+00 1.290000000000000000e+02 0.000000000000000000e+00 0.000000000000000000e+00 0.000000000000000000e+00 0.000000000000000000e+00 0.000000000000000000e+00 0.000000000000000000e+00 0.000000000000000000e+00 7.375000000000000000e+01 0.000000000000000000e+00 0.000000000000000000e+00 0.000000000000000000e+00 0.000000000000000000e+00
1.111250000000000000e+02 9.495829999999999416e+01 8.675000000000000000e+01 5.037504680964643100e+00 5.662995200000000295e+01 6.291691384615384663e+01 4.010980939798081124e+00 4.980229069767441530e+01 8.516666666666667140e+01 6.711609821428571365e+01 5.724997499999999917e+01 7.600000000000000000e+01 5.475000000000000000e+01 7.841669583333333549e+01 2.267803835616437880e+01 0.000000000000000000e+00 4.440785789473684275e+01 1.222767369397758941e+01 6.822561261019547629e+00 1.545000000000000000e+02 5.944440000000000168e+01 8.231819090909090164e+01 0.000000000000000000e+00 2.784376249999999686e+01 0.000000000000000000e+00 0.000000000000000000e+00 0.000000000000000000e+00 9.916666666666667140e+01 8.334482068965516532e+01 8.312046144578313545e+01 1.055885196662693559e+01 0.000000000000000000e+00 8.275000000000000000e+01 0.000000000000000000e+00 1.356873970753076186e+01 6.184846394052044616e+00 4.928797468354430578e+01 0.000000000000000000e+00 3.855261485809682398e+01 0.000000000000000000e+00 1.038574285714285708e+02 8.108973333333332789e+01 1.077219402461923536e+01 0.000000000000000000e+00 0.000000000000000000e+00 0.000000000000000000e+00 0.000000000000000000e+00 2.668341545778834956e+01 6.844419851239669583e+01 0.000000000000000000e+00 1.069547272727272684e+02 1.315911818181818376e+02 1.195000000000000000e+02 1.290000000000000000e+02 8.848171029900331064e+01 1.307119999999999891e+02 0.000000000000000000e+00 0.000000000000000000e+00 1.126074285714285566e+02 0.000000000000000000e+00 1.220000000000000000e+02 0.000000000000000000e+00 0.000000000000000000e+00 0.000000000000000000e+00 0.000000000000000000e+00 0.000000000000000000e+00 1.128563478260869459e+02 0.000000000000000000e+00 1.087319625000000087e+02 0.000000000000000000e+00 0.000000000000000000e+00 1.400000000000000000e+02 1.002810000000000059e+02 0.000000000000000000e+00 0.000000000000000000e+00 0.000000000000000000e+00 0.000000000000000000e+00 0.000000000000000000e+00 1.525000000000000000e+02 8.750000000000000000e+01 0.000000000000000000e+00 0.000000000000000000e+00 1.428329999999999984e+02 0.000000000000000000e+00 0.000000000000000000e+00 0.000000000000000000e+00 5.860193203883494562e+01 1.039051788321167891e+02 0.000000000000000000e+00 0.000000000000000000e+00 8.030389999999999873e+01 0.000000000000000000e+00 0.000000000000000000e+00 0.000000000000000000e+00 0.000000000000000000e+00 5.910889428571428539e+01 1.143751111111111101e+02 0.000000000000000000e+00 1.277500000000000000e+02 0.000000000000000000e+00
