0.000000000000000000e+00 1.851495833707559324e-01 1.436063708329950173e-01 1.612348685598114298e-02 3.423032396875158589e-01 5.082360111384610218e-02 1.303126527791643226e-03 0.000000000000000000e+00 0.000000000000000000e+00 0.000000000000000000e+00 0.000000000000000000e+00 0.000000000000000000e+00 0.000000000000000000e+00 2.005248386974516628e-01 2.417393660499686514e-02 3.479736640369619430e-05 0.000000000000000000e+00 0.000000000000000000e+00 8.108392997591806734e-06 0.000000000000000000e+00 0.000000000000000000e+00 3.307193141719048761e-03 0.000000000000000000e+00 0.000000000000000000e+00 0.000000000000000000e+00 0.000000000000000000e+00 0.000000000000000000e+00 1.860688556644713874e-04 9.615180139506974630e-03 4.648985753979083257e-02 0.000000000000000000e+00 0.000000000000000000e+00 0.000000000000000000e+00 0.000000000000000000e+00 6.081294748193855559e-05 4.054196498795903367e-06 4.828977867723583447e-05 0.000000000000000000e+00 5.270455448434674547e-05 0.000000000000000000e+00 1.915890801489118517e-03 3.707735636723635819e-04 2.250032438131961411e-05 0.000000000000000000e+00 0.000000000000000000e+00 0.000000000000000000e+00 0.000000000000000000e+00 1.746949015661812196e-02 1.781115978050600013e-02 0.000000000000000000e+00 5.220715156875327520e-04 4.054196498795903367e-06 0.000000000000000000e+00 6.190218371659882330e-05 1.270583926373509195e-03 7.653100270919748998e-06 0.000000000000000000e+00 0.000000000000000000e+00 4.054196498795903367e-06 0.000000000000000000e+00 0.000000000000000000e+00 0.000000000000000000e+00 0.000000000000000000e+00 0.000000000000000000e+00 0.000000000000000000e+00 0.000000000000000000e+00 8.108392997591806734e-06 0.000000000000000000e+00 1.521076661085335850e-05 0.000000000000000000e+00 0.000000000000000000e+00 8.108392997591806734e-06 0.000000000000000000e+00 0.000000000000000000e+00 0.000000000000000000e+00 0.000000000000000000e+00 0.000000000000000000e+00 0.000000000000000000e+00 1.393074150008377205e-05 0.000000000000000000e+00 0.000000000000000000e+00 0.000000000000000000e+00 4.054196498795903367e-06 0.000000000000000000e+00 0.000000000000000000e+00 0.000000000000000000e+00 2.550218192446603884e-05 3.259744318283531252e-05 0.000000000000000000e+00 0.000000000000000000e+00 8.108392997591806734e-06 0.000000000000000000e+00 0.000000000000000000e+00 0.000000000000000000e+00 0.000000000000000000e+00 1.388466746521054051e-03 4.386455854366737338e-04 0.000000000000000000e+00 0.000000000000000000e+00 0.000000000000000000e+00
1.851495833707559324e-01 0.000000000000000000e+00 2.260436563252772313e-01 3.342975966998297799e-01 3.045797654683894164e-03 6.013706136643288264e-02 2.407289245273656105e-04 0.000000000000000000e+00 0.000000000000000000e+00 0.000000000000000000e+00 0.000000000000000000e+00 0.000000000000000000e+00 0.000000000000000000e+00 2.245338430041746852e-02 5.440817783010307163e-02 7.831064089039438468e-05 0.000000000000000000e+00 0.000000000000000000e+00 0.000000000000000000e+00 0.000000000000000000e+00 0.000000000000000000e+00 6.022948602846106558e-04 0.000000000000000000e+00 0.000000000000000000e+00 0.000000000000000000e+00 0.000000000000000000e+00 0.000000000000000000e+00 2.465001861040403287e-05 7.605744295229992799e-04 4.293229558931541644e-03 1.274583529831627442e-05 0.000000000000000000e+00 0.000000000000000000e+00 1.273074474856779164e-05 5.181665860723676372e-04 0.000000000000000000e+00 4.213076119011993029e-04 0.000000000000000000e+00 4.801258874699781769e-04 0.000000000000000000e+00 4.154611141649946766e-04 1.640463004278327520e-04 2.624740806845323937e-05 0.000000000000000000e+00 0.000000000000000000e+00 0.000000000000000000e+00 0.000000000000000000e+00 3.878694110537005135e-04 5.883099577021644148e-03 0.000000000000000000e+00 9.887017737655468940e-04 3.727518815797077872e-03 3.220578037766759646e-04 3.828092744382161983e-04 3.087825497919976288e-03 1.927023389609577820e-03 0.000000000000000000e+00 0.000000000000000000e+00 0.000000000000000000e+00 0.000000000000000000e+00 0.000000000000000000e+00 0.000000000000000000e+00 0.000000000000000000e+00 0.000000000000000000e+00 4.323496349733796390e-05 5.178234843306613333e-06 5.520901269578732317e-04 0.000000000000000000e+00 2.678792966460148215e-05 0.000000000000000000e+00 0.000000000000000000e+00 3.937111210267986075e-05 0.000000000000000000e+00 0.000000000000000000e+00 0.000000000000000000e+00 0.000000000000000000e+00 0.000000000000000000e+00 0.000000000000000000e+00 6.487901665651175476e-05 0.000000000000000000e+00 0.000000000000000000e+00 0.000000000000000000e+00 4.152189051807290857e-05 0.000000000000000000e+00 0.000000000000000000e+00 0.000000000000000000e+00 3.263570879967342951e-04 2.236548984307907412e-03 0.000000000000000000e+00 0.000000000000000000e+00 2.128715396280715048e-04 0.000000000000000000e+00 0.000000000000000000e+00 0.000000000000000000e+00 0.000000000000000000e+00 2.973289761833241402e-04 6.369545072844617385e-04 0.000000000000000000e+00 6.561852017113309843e-06 0.000000000000000000e+00
1.436063708329950173e-01 2.260436563252772313e-01 0.000000000000000000e+00 1.025503931892047943e-01 1.023940260652965867e-01 1.865710231610870629e-01 1.677936482593061218e-01 0.000000000000000000e+00 0.000000000000000000e+00 0.000000000000000000e+00 0.000000000000000000e+00 0.000000000000000000e+00 0.000000000000000000e+00 4.180518636296435067e-04 0.000000000000000000e+00 1.136158450918244096e-05 0.000000000000000000e+00 0.000000000000000000e+00 0.000000000000000000e+00 0.000000000000000000e+00 0.000000000000000000e+00 3.709570004900099890e-04 0.000000000000000000e+00 0.000000000000000000e+00 0.000000000000000000e+00 0.000000000000000000e+00 0.000000000000000000e+00 2.361647924695609718e-05 4.329845483846028373e-04 1.825682871939804343e-03 6.372917649158137208e-06 0.000000000000000000e+00 0.000000000000000000e+00 4.943593597057572774e-06 8.680311263260714135e-05 0.000000000000000000e+00 1.393048079009344452e-04 0.000000000000000000e+00 8.987848969183098518e-05 0.000000000000000000e+00 3.369160207373064417e-04 8.004978273659585440e-05 0.000000000000000000e+00 0.000000000000000000e+00 0.000000000000000000e+00 0.000000000000000000e+00 0.000000000000000000e+00 1.807767341454317132e-03 4.313161072432522038e-03 0.000000000000000000e+00 2.036973411376768344e-04 1.344856845376201510e-03 7.559306193133400939e-05 5.427436859479815162e-02 3.783178967169439043e-03 2.701942520896192211e-03 0.000000000000000000e+00 0.000000000000000000e+00 0.000000000000000000e+00 0.000000000000000000e+00 0.000000000000000000e+00 0.000000000000000000e+00 0.000000000000000000e+00 0.000000000000000000e+00 6.176423356762566271e-06 5.178234843306613333e-06 9.760071969922004737e-05 0.000000000000000000e+00 7.102373613261551771e-06 0.000000000000000000e+00 0.000000000000000000e+00 8.958690360889580320e-06 0.000000000000000000e+00 0.000000000000000000e+00 0.000000000000000000e+00 0.000000000000000000e+00 0.000000000000000000e+00 0.000000000000000000e+00 5.822348502491965318e-06 0.000000000000000000e+00 0.000000000000000000e+00 0.000000000000000000e+00 4.943593597057572774e-06 0.000000000000000000e+00 0.000000000000000000e+00 0.000000000000000000e+00 8.417035462837454680e-05 7.239512274479010297e-04 0.000000000000000000e+00 0.000000000000000000e+00 3.570153516601214154e-05 0.000000000000000000e+00 0.000000000000000000e+00 0.000000000000000000e+00 0.000000000000000000e+00 8.809136116554518604e-04 1.038269059862307036e-04 0.000000000000000000e+00 0.000000000000000000e+00 0.000000000000000000e+00
1.612348685598114298e-02 3.342975966998297799e-01 1.025503931892047943e-01 0.000000000000000000e+00 3.978929165490459850e-03 3.900319951913607669e-02 3.227077776623406002e-01 1.992375841778793119e-05 0.000000000000000000e+00 6.945505563349956525e-06 0.000000000000000000e+00 0.000000000000000000e+00 0.000000000000000000e+00 2.246806694989283981e-02 1.198463517498098985e-01 1.588295177956374205e-01 0.000000000000000000e+00 1.062180018269496313e-05 3.975231232921742897e-05 0.000000000000000000e+00 0.000000000000000000e+00 4.073334789138381880e-03 0.000000000000000000e+00 0.000000000000000000e+00 0.000000000000000000e+00 0.000000000000000000e+00 0.000000000000000000e+00 6.625734352224038387e-05 1.142605307267094243e-03 2.909770068046184030e-03 1.465771059306371761e-04 0.000000000000000000e+00 0.000000000000000000e+00 0.000000000000000000e+00 8.923404895171536955e-03 4.970551271028959475e-05 5.376960237671295044e-03 0.000000000000000000e+00 2.792242371943548778e-03 0.000000000000000000e+00 7.642144018142811059e-04 1.731003428782911685e-04 3.886142558481242570e-02 0.000000000000000000e+00 0.000000000000000000e+00 0.000000000000000000e+00 0.000000000000000000e+00 2.080917319351088812e-02 1.937305587838204085e-02 0.000000000000000000e+00 1.392078665592515500e-03 1.271329621027609061e-02 1.149793716917769156e-03 1.669928200378390090e-03 2.492629845900065297e-02 1.117881382614212965e-02 0.000000000000000000e+00 0.000000000000000000e+00 0.000000000000000000e+00 0.000000000000000000e+00 3.680963529013354471e-06 0.000000000000000000e+00 0.000000000000000000e+00 0.000000000000000000e+00 1.061847007662277727e-04 9.133766732490702673e-05 2.883627253280470100e-03 0.000000000000000000e+00 1.446430067128826071e-05 0.000000000000000000e+00 0.000000000000000000e+00 8.098119763829379498e-05 0.000000000000000000e+00 0.000000000000000000e+00 0.000000000000000000e+00 0.000000000000000000e+00 0.000000000000000000e+00 0.000000000000000000e+00 9.262589464327772900e-05 0.000000000000000000e+00 0.000000000000000000e+00 0.000000000000000000e+00 6.398691061408689573e-05 0.000000000000000000e+00 0.000000000000000000e+00 0.000000000000000000e+00 6.582967965301193694e-04 7.386450191277595459e-03 0.000000000000000000e+00 0.000000000000000000e+00 1.750240992064589082e-04 0.000000000000000000e+00 0.000000000000000000e+00 0.000000000000000000e+00 0.000000000000000000e+00 4.973391991688712668e-03 9.012327600918209388e-04 0.000000000000000000e+00 0.000000000000000000e+00 0.000000000000000000e+00
3.423032396875158589e-01 3.045797654683894164e-03 1.023940260652965867e-01 3.978929165490459850e-03 0.000000000000000000e+00 3.277125099900615179e-01 2.191683478794549406e-03 0.000000000000000000e+00 5.985515053570359786e-06 0.000000000000000000e+00 0.000000000000000000e+00 0.000000000000000000e+00 0.000000000000000000e+00 1.461794693757660982e-02 8.093056140596507474e-04 9.604730961422211282e-04 0.000000000000000000e+00 0.000000000000000000e+00 3.709657474959811925e-04 3.837887626650291856e-05 0.000000000000000000e+00 2.165507570952986821e-03 0.000000000000000000e+00 4.355274237101129545e-05 0.000000000000000000e+00 8.583690987124463124e-06 0.000000000000000000e+00 2.298840722050838952e-04 2.614493120201630966e-02 7.109653452493590320e-02 5.098334119326509766e-05 0.000000000000000000e+00 0.000000000000000000e+00 0.000000000000000000e+00 1.912378638320688900e-04 1.947191073302767528e-03 2.090592334494773517e-04 0.000000000000000000e+00 1.247360246367271728e-03 1.676980094246281305e-05 1.570982104106424283e-03 5.201283137250500122e-05 2.932352159978717497e-04 0.000000000000000000e+00 0.000000000000000000e+00 0.000000000000000000e+00 0.000000000000000000e+00 6.034711986752190616e-02 2.167784719493352497e-01 0.000000000000000000e+00 4.677390519911600771e-04 8.756490748767524335e-06 6.872096539212182672e-06 9.800155826755599375e-03 1.120566438364493499e-03 8.019000371075578608e-06 0.000000000000000000e+00 0.000000000000000000e+00 9.795566526590064946e-06 0.000000000000000000e+00 0.000000000000000000e+00 0.000000000000000000e+00 0.000000000000000000e+00 0.000000000000000000e+00 0.000000000000000000e+00 0.000000000000000000e+00 1.273052865642000512e-04 0.000000000000000000e+00 1.122175030895325139e-03 0.000000000000000000e+00 8.244566830458727603e-06 4.015096763832008394e-06 0.000000000000000000e+00 0.000000000000000000e+00 0.000000000000000000e+00 0.000000000000000000e+00 0.000000000000000000e+00 0.000000000000000000e+00 2.002959747621533716e-05 0.000000000000000000e+00 0.000000000000000000e+00 0.000000000000000000e+00 0.000000000000000000e+00 0.000000000000000000e+00 0.000000000000000000e+00 0.000000000000000000e+00 8.356856336354182154e-05 3.116315187183259813e-04 0.000000000000000000e+00 0.000000000000000000e+00 6.604784005712245609e-04 0.000000000000000000e+00 0.000000000000000000e+00 0.000000000000000000e+00 0.000000000000000000e+00 1.268051795562970176e-03 3.094019318049439694e-04 0.000000000000000000e+00 0.000000000000000000e+00 0.000000000000000000e+00
5.082360111384610218e-02 6.013706136643288264e-02 1.865710231610870629e-01 3.900319951913607669e-02 3.277125099900615179e-01 0.000000000000000000e+00 2.402454586405750325e-01 0.000000000000000000e+00 8.209126256978395778e-03 1.793533103008136242e-04 2.094427681037374048e-05 5.536546745064168576e-06 1.200826168403861899e-05 6.187346768073441255e-04 8.839020938861142642e-04 1.456354646361789160e-03 0.000000000000000000e+00 0.000000000000000000e+00 3.530555132910956004e-03 1.307817887691273967e-02 1.371651064356944243e-04 3.939936798281198850e-04 1.149696274584406907e-04 5.158831237586064111e-04 2.996577984427937699e-02 6.909192735975317780e-03 2.509540738102110456e-04 8.561991868512723591e-02 2.248507861720009000e-03 1.301827989370334332e-03 8.398705934024485646e-05 1.165817562141761507e-03 1.035582618781326369e-05 1.526298010465072889e-05 1.144487979553485656e-02 2.575343505244566140e-03 6.212415104509374023e-03 2.540561183420637394e-03 4.883149477430749272e-03 6.555242324088570403e-03 2.675328866713082201e-04 5.060669597127496490e-05 3.480369790173049689e-04 3.879790506689771452e-03 1.752789802345908828e-04 2.532235356082935971e-06 3.258064756129733664e-04 2.899711192364915480e-01 2.056657383645101866e-01 0.000000000000000000e+00 5.245441454540972562e-03 1.118017757600741312e-02 1.207330754296415207e-03 2.244195996702409712e-02 4.256426084449871361e-02 1.838872599279393547e-02 4.099200655872105135e-05 0.000000000000000000e+00 1.992450795092181052e-05 1.451891283745042295e-03 8.771083415177305438e-06 0.000000000000000000e+00 1.948406203725352689e-05 2.360042337729210233e-04 1.718279013447551469e-04 4.879505655242022714e-05 2.451084076112793227e-03 0.000000000000000000e+00 2.009668867147285879e-03 1.096534949559392326e-04 8.244566830458727603e-06 3.495858579402617698e-04 2.532235356082935971e-06 1.073504390080060131e-03 0.000000000000000000e+00 0.000000000000000000e+00 6.850837883559171006e-05 1.396279534273393158e-03 2.438166156443121661e-04 5.064470712165871942e-06 1.032631144155307781e-05 6.392771905898397258e-05 2.257742982569915433e-04 0.000000000000000000e+00 4.385195579722855837e-05 0.000000000000000000e+00 1.941456119554506310e-03 1.046871410053413012e-02 0.000000000000000000e+00 2.532235356082935971e-06 1.949421816265146847e-03 5.328016894282063475e-05 3.567225192609122132e-05 0.000000000000000000e+00 0.000000000000000000e+00 8.503247054738544142e-02 4.838968561104624484e-03 3.298471954082128870e-05 1.889364421326017381e-05 0.000000000000000000e+00
1.303126527791643226e-03 2.407289245273656105e-04 1.677936482593061218e-01 3.227077776623406002e-01 2.191683478794549406e-03 2.402454586405750325e-01 0.000000000000000000e+00 0.000000000000000000e+00 0.000000000000000000e+00 0.000000000000000000e+00 0.000000000000000000e+00 0.000000000000000000e+00 0.000000000000000000e+00 3.894942276892252026e-05 8.471348571082991407e-05 6.680986102800644255e-02 0.000000000000000000e+00 0.000000000000000000e+00 3.455401137518054436e-06 0.000000000000000000e+00 0.000000000000000000e+00 6.565262161284304149e-05 0.000000000000000000e+00 0.000000000000000000e+00 0.000000000000000000e+00 0.000000000000000000e+00 0.000000000000000000e+00 0.000000000000000000e+00 3.217646506590928390e-05 2.788857632343183336e-05 3.240247287166866025e-05 0.000000000000000000e+00 0.000000000000000000e+00 0.000000000000000000e+00 6.818997232208920400e-02 1.036620341255416373e-05 2.567210587855441734e-03 0.000000000000000000e+00 1.741225511299222687e-03 0.000000000000000000e+00 1.893598689629706923e-05 0.000000000000000000e+00 8.670411013096888096e-05 0.000000000000000000e+00 0.000000000000000000e+00 0.000000000000000000e+00 0.000000000000000000e+00 5.435526455308837407e-02 5.611346380426378462e-03 0.000000000000000000e+00 5.833888413425687529e-04 6.709642715515724831e-03 8.579177161492642723e-04 3.571513273631780200e-02 4.823868392913809033e-02 2.131416390543086625e-02 0.000000000000000000e+00 0.000000000000000000e+00 0.000000000000000000e+00 0.000000000000000000e+00 6.238848059094369044e-06 0.000000000000000000e+00 0.000000000000000000e+00 0.000000000000000000e+00 4.669036463485601621e-05 6.219722047532498239e-05 2.590530980907562383e-03 0.000000000000000000e+00 0.000000000000000000e+00 0.000000000000000000e+00 0.000000000000000000e+00 1.036620341255416373e-05 0.000000000000000000e+00 0.000000000000000000e+00 0.000000000000000000e+00 0.000000000000000000e+00 0.000000000000000000e+00 0.000000000000000000e+00 3.001015646511834679e-05 0.000000000000000000e+00 0.000000000000000000e+00 0.000000000000000000e+00 6.910802275036108872e-06 0.000000000000000000e+00 0.000000000000000000e+00 0.000000000000000000e+00 2.472662029978649374e-04 8.110002784464706571e-03 0.000000000000000000e+00 0.000000000000000000e+00 7.025554654119268506e-05 0.000000000000000000e+00 0.000000000000000000e+00 0.000000000000000000e+00 0.000000000000000000e+00 2.347061988332518195e-02 3.016148761087067030e-04 0.000000000000000000e+00 0.000000000000000000e+00 0.000000000000000000e+00
0.000000000000000000e+00 0.000000000000000000e+00 0.000000000000000000e+00 1.992375841778793119e-05 0.000000000000000000e+00 0.000000000000000000e+00 0.000000000000000000e+00 0.000000000000000000e+00 3.465130020055995352e-01 6.641252805929310398e-06 1.264570768597754035e-03 1.100498882477304440e-03 2.505768882987271517e-01 2.356565025808058950e-03 6.807114971776252093e-04 8.312697560711746749e-04 2.552915961975317114e-04 2.233153942362776090e-01 2.532330239232204530e-02 1.836251826815207266e-01 8.544238656240731684e-04 9.000149735440813106e-03 2.126884837646958633e-03 2.177637118550564772e-05 0.000000000000000000e+00 0.000000000000000000e+00 0.000000000000000000e+00 1.681172339712773466e-04 1.461075617304448220e-04 1.245281398728124728e-03 2.421802903324399986e-02 0.000000000000000000e+00 2.063174606312869353e-03 0.000000000000000000e+00 0.000000000000000000e+00 0.000000000000000000e+00 0.000000000000000000e+00 1.328250561185862080e-05 0.000000000000000000e+00 0.000000000000000000e+00 3.504523315037491593e-05 4.425264756591404099e-05 9.494256908427461256e-03 0.000000000000000000e+00 1.427782925185900383e-03 0.000000000000000000e+00 1.883806528925895292e-04 0.000000000000000000e+00 5.977345933923500394e-03 5.778958965606899290e-05 0.000000000000000000e+00 0.000000000000000000e+00 0.000000000000000000e+00 0.000000000000000000e+00 0.000000000000000000e+00 0.000000000000000000e+00 0.000000000000000000e+00 0.000000000000000000e+00 0.000000000000000000e+00 0.000000000000000000e+00 0.000000000000000000e+00 0.000000000000000000e+00 0.000000000000000000e+00 0.000000000000000000e+00 0.000000000000000000e+00 0.000000000000000000e+00 0.000000000000000000e+00 0.000000000000000000e+00 0.000000000000000000e+00 0.000000000000000000e+00 0.000000000000000000e+00 0.000000000000000000e+00 0.000000000000000000e+00 0.000000000000000000e+00 0.000000000000000000e+00 0.000000000000000000e+00 0.000000000000000000e+00 0.000000000000000000e+00 0.000000000000000000e+00 0.000000000000000000e+00 0.000000000000000000e+00 0.000000000000000000e+00 0.000000000000000000e+00 0.000000000000000000e+00 0.000000000000000000e+00 0.000000000000000000e+00 0.000000000000000000e+00 0.000000000000000000e+00 0.000000000000000000e+00 0.000000000000000000e+00 0.000000000000000000e+00 0.000000000000000000e+00 0.000000000000000000e+00 0.000000000000000000e+00 0.000000000000000000e+00 0.000000000000000000e+00 1.992375841778793119e-05 0.000000000000000000e+00 0.000000000000000000e+00 0.000000000000000000e+00
0.000000000000000000e+00 0.000000000000000000e+00 0.000000000000000000e+00 0.000000000000000000e+00 5.985515053570359786e-06 8.209126256978395778e-03 0.000000000000000000e+00 3.465130020055995352e-01 0.000000000000000000e+00 9.627708737711978106e-05 6.149469591650139110e-04 1.152206179863452752e-05 2.280452772660400591e-04 2.825606334558469724e-04 1.731807035005415317e-04 1.240350596569522713e-05 1.555089028846901652e-05 7.265948938143652544e-03 2.085285211124555116e-01 1.648943008946902183e-02 3.112598241381993579e-05 2.717640356740124320e-03 2.365697471613848770e-04 2.448705275186952579e-01 1.670192027259344014e-01 8.583690987124463124e-06 3.029288125418407376e-02 9.678745765545449615e-04 3.038090086442828174e-04 7.410633798905752988e-05 1.294506650496033730e-03 8.871067899153700257e-06 9.481763960964683248e-05 0.000000000000000000e+00 2.285662042010468459e-05 6.693652766150251553e-04 4.842741243145296665e-02 2.225592160153545243e-05 1.532959427883687220e-03 1.674841839382167606e-04 7.726754250859447200e-06 1.188139383430262682e-05 9.384461006723825464e-04 4.445629945763314690e-06 1.342823429677350491e-04 0.000000000000000000e+00 1.186894360715016908e-05 8.572217688639775790e-02 5.137942978715676762e-02 0.000000000000000000e+00 0.000000000000000000e+00 0.000000000000000000e+00 0.000000000000000000e+00 0.000000000000000000e+00 2.385473958004410630e-02 0.000000000000000000e+00 6.148800983808158042e-05 0.000000000000000000e+00 2.122213269718190725e-04 1.610748552770686209e-02 3.393366481673301162e-05 0.000000000000000000e+00 9.742031018626763443e-05 2.288525903252567326e-04 0.000000000000000000e+00 0.000000000000000000e+00 0.000000000000000000e+00 0.000000000000000000e+00 1.867295432188863409e-03 1.055386950063560763e-03 8.244566830458727603e-06 2.992757526785179893e-06 8.770563984267969529e-03 6.326883660478948603e-03 0.000000000000000000e+00 0.000000000000000000e+00 2.625082573265515615e-04 1.795654516071108037e-04 0.000000000000000000e+00 0.000000000000000000e+00 0.000000000000000000e+00 1.095389559584251384e-04 0.000000000000000000e+00 0.000000000000000000e+00 8.770391159445710996e-06 0.000000000000000000e+00 3.397728284951990856e-03 2.043485368644760411e-05 0.000000000000000000e+00 5.985515053570359786e-06 0.000000000000000000e+00 5.985515053570359786e-06 5.523336095001380963e-06 0.000000000000000000e+00 0.000000000000000000e+00 2.992757526785179893e-06 4.144581594517236160e-04 0.000000000000000000e+00 1.475021784249878802e-05 0.000000000000000000e+00
0.000000000000000000e+00 0.000000000000000000e+00 0.000000000000000000e+00 6.945505563349956525e-06 0.000000000000000000e+00 1.793533103008136242e-04 0.000000000000000000e+00 6.641252805929310398e-06 9.627708737711978106e-05 0.000000000000000000e+00 2.962044538275064309e-01 2.018517133290162469e-02 7.361431887909026996e-04 5.295302235971614233e-05 5.187421540249203320e-06 3.842006796865717966e-04 1.922588845871902067e-03 1.123493400396194592e-04 3.111434905669771111e-03 6.945505563349956525e-06 1.749289035275373716e-01 1.033704267242117891e-01 4.598467569047479456e-04 5.028959640475641653e-04 0.000000000000000000e+00 0.000000000000000000e+00 0.000000000000000000e+00 1.409776396410865459e-04 1.405353681329482443e-03 1.155914354290254976e-03 4.804595102925787297e-05 0.000000000000000000e+00 8.103500380075751713e-03 0.000000000000000000e+00 6.945505563349956525e-06 3.397617550939815924e-04 0.000000000000000000e+00 0.000000000000000000e+00 1.389101112669991305e-05 0.000000000000000000e+00 2.017685506287849040e-01 2.957327935844911160e-01 2.988560686786351575e-02 0.000000000000000000e+00 0.000000000000000000e+00 0.000000000000000000e+00 1.778999691148944792e-04 2.711894791379761160e-04 5.154707424759099113e-03 2.040256824135932012e-01 0.000000000000000000e+00 0.000000000000000000e+00 0.000000000000000000e+00 0.000000000000000000e+00 2.319847220025587664e-05 0.000000000000000000e+00 0.000000000000000000e+00 0.000000000000000000e+00 0.000000000000000000e+00 0.000000000000000000e+00 0.000000000000000000e+00 0.000000000000000000e+00 0.000000000000000000e+00 0.000000000000000000e+00 0.000000000000000000e+00 0.000000000000000000e+00 0.000000000000000000e+00 0.000000000000000000e+00 0.000000000000000000e+00 0.000000000000000000e+00 0.000000000000000000e+00 0.000000000000000000e+00 0.000000000000000000e+00 0.000000000000000000e+00 0.000000000000000000e+00 0.000000000000000000e+00 0.000000000000000000e+00 0.000000000000000000e+00 0.000000000000000000e+00 0.000000000000000000e+00 0.000000000000000000e+00 0.000000000000000000e+00 0.000000000000000000e+00 0.000000000000000000e+00 0.000000000000000000e+00 0.000000000000000000e+00 0.000000000000000000e+00 0.000000000000000000e+00 0.000000000000000000e+00 0.000000000000000000e+00 0.000000000000000000e+00 0.000000000000000000e+00 0.000000000000000000e+00 0.000000000000000000e+00 0.000000000000000000e+00 0.000000000000000000e+00 2.083651669004986788e-05 0.000000000000000000e+00 0.000000000000000000e+00 0.000000000000000000e+00
0.000000000000000000e+00 0.000000000000000000e+00 0.000000000000000000e+00 0.000000000000000000e+00 0.000000000000000000e+00 2.094427681037374048e-05 0.000000000000000000e+00 1.264570768597754035e-03 6.149469591650139110e-04 2.962044538275064309e-01 0.000000000000000000e+00 2.476691033266061881e-01 1.195651011526469498e-03 9.343299519487453006e-05 5.187421540249203320e-06 4.646070313849966714e-05 7.892170330155032221e-02 8.261429757366212535e-04 8.182130735970118748e-04 1.540701170526356171e-04 4.867371200148833121e-02 2.467090661812564867e-01 4.205024829177959195e-02 7.181900698724264821e-04 0.000000000000000000e+00 0.000000000000000000e+00 0.000000000000000000e+00 8.412712183830617048e-05 4.467747633693633152e-04 3.680146133436439982e-04 2.721208616040394612e-04 0.000000000000000000e+00 3.689904720427746899e-03 0.000000000000000000e+00 0.000000000000000000e+00 2.287578827200430621e-04 0.000000000000000000e+00 0.000000000000000000e+00 0.000000000000000000e+00 0.000000000000000000e+00 4.429637130633443673e-04 1.019329133356499262e-03 7.302139209676066303e-05 0.000000000000000000e+00 1.651500388102591270e-05 0.000000000000000000e+00 1.867661155250167383e-04 2.314472303652469198e-04 1.680582224039104452e-03 0.000000000000000000e+00 0.000000000000000000e+00 0.000000000000000000e+00 0.000000000000000000e+00 0.000000000000000000e+00 0.000000000000000000e+00 0.000000000000000000e+00 0.000000000000000000e+00 0.000000000000000000e+00 0.000000000000000000e+00 0.000000000000000000e+00 0.000000000000000000e+00 0.000000000000000000e+00 0.000000000000000000e+00 0.000000000000000000e+00 0.000000000000000000e+00 0.000000000000000000e+00 0.000000000000000000e+00 0.000000000000000000e+00 0.000000000000000000e+00 0.000000000000000000e+00 0.000000000000000000e+00 0.000000000000000000e+00 0.000000000000000000e+00 0.000000000000000000e+00 0.000000000000000000e+00 0.000000000000000000e+00 0.000000000000000000e+00 0.000000000000000000e+00 0.000000000000000000e+00 0.000000000000000000e+00 0.000000000000000000e+00 0.000000000000000000e+00 0.000000000000000000e+00 0.000000000000000000e+00 0.000000000000000000e+00 0.000000000000000000e+00 0.000000000000000000e+00 0.000000000000000000e+00 0.000000000000000000e+00 0.000000000000000000e+00 0.000000000000000000e+00 0.000000000000000000e+00 0.000000000000000000e+00 0.000000000000000000e+00 0.000000000000000000e+00 0.000000000000000000e+00 1.334757074212493383e-05 0.000000000000000000e+00 0.000000000000000000e+00 0.000000000000000000e+00
0.000000000000000000e+00 0.000000000000000000e+00 0.000000000000000000e+00 0.000000000000000000e+00 0.000000000000000000e+00 5.536546745064168576e-06 0.000000000000000000e+00 1.100498882477304440e-03 1.152206179863452752e-05 2.018517133290162469e-02 2.476691033266061881e-01 0.000000000000000000e+00 2.840503456824430284e-01 5.536546745064168745e-05 0.000000000000000000e+00 6.417990912124868186e-06 3.107237122067821877e-01 8.059439702499716224e-03 1.107309349012833715e-05 5.536546745064168576e-06 1.969267737533810791e-01 1.287571894186131331e-03 1.328216960629594878e-01 5.536546745064168576e-06 0.000000000000000000e+00 0.000000000000000000e+00 0.000000000000000000e+00 0.000000000000000000e+00 0.000000000000000000e+00 4.021231897589276454e-04 2.034539545997518604e-03 0.000000000000000000e+00 1.319070228433487646e-01 0.000000000000000000e+00 0.000000000000000000e+00 0.000000000000000000e+00 0.000000000000000000e+00 5.536546745064168576e-06 0.000000000000000000e+00 0.000000000000000000e+00 1.027054346913843554e-04 8.227091062060925587e-04 1.897365726143253957e-04 0.000000000000000000e+00 5.536546745064168576e-06 0.000000000000000000e+00 1.463206580231406640e-03 0.000000000000000000e+00 2.778776111496053655e-04 0.000000000000000000e+00 0.000000000000000000e+00 0.000000000000000000e+00 0.000000000000000000e+00 0.000000000000000000e+00 0.000000000000000000e+00 0.000000000000000000e+00 0.000000000000000000e+00 0.000000000000000000e+00 0.000000000000000000e+00 0.000000000000000000e+00 0.000000000000000000e+00 0.000000000000000000e+00 0.000000000000000000e+00 0.000000000000000000e+00 0.000000000000000000e+00 0.000000000000000000e+00 0.000000000000000000e+00 0.000000000000000000e+00 0.000000000000000000e+00 0.000000000000000000e+00 0.000000000000000000e+00 0.000000000000000000e+00 0.000000000000000000e+00 0.000000000000000000e+00 0.000000000000000000e+00 0.000000000000000000e+00 0.000000000000000000e+00 0.000000000000000000e+00 0.000000000000000000e+00 0.000000000000000000e+00 0.000000000000000000e+00 0.000000000000000000e+00 0.000000000000000000e+00 0.000000000000000000e+00 0.000000000000000000e+00 0.000000000000000000e+00 0.000000000000000000e+00 0.000000000000000000e+00 0.000000000000000000e+00 0.000000000000000000e+00 0.000000000000000000e+00 0.000000000000000000e+00 0.000000000000000000e+00 0.000000000000000000e+00 0.000000000000000000e+00 0.000000000000000000e+00 0.000000000000000000e+00 0.000000000000000000e+00 0.000000000000000000e+00 0.000000000000000000e+00
0.000000000000000000e+00 0.000000000000000000e+00 0.000000000000000000e+00 0.000000000000000000e+00 0.000000000000000000e+00 1.200826168403861899e-05 0.000000000000000000e+00 2.505768882987271517e-01 2.280452772660400591e-04 7.361431887909026996e-04 1.195651011526469498e-03 2.840503456824430284e-01 0.000000000000000000e+00 1.040318284188183548e-03 1.200826168403861899e-05 1.283598182424973637e-05 2.253383361575950483e-01 1.180127548172491408e-01 6.693859734344762978e-05 5.753471560063658230e-02 5.806746267017265720e-03 3.327771315086585930e-03 1.862233466480776780e-03 0.000000000000000000e+00 1.781283336469430132e-05 0.000000000000000000e+00 0.000000000000000000e+00 3.602478505211585696e-05 5.256630270191932775e-05 3.391039314745205799e-03 3.014190004741182632e-03 0.000000000000000000e+00 1.549235880499279239e-01 0.000000000000000000e+00 0.000000000000000000e+00 0.000000000000000000e+00 0.000000000000000000e+00 1.028489149439473455e-05 0.000000000000000000e+00 0.000000000000000000e+00 6.188849716067136965e-05 1.370990904026033385e-03 2.004547741315078520e-03 0.000000000000000000e+00 7.655631230121901442e-05 0.000000000000000000e+00 1.835219368394499498e-04 1.200826168403861899e-05 2.165873542696586471e-03 2.225354202210518605e-05 0.000000000000000000e+00 0.000000000000000000e+00 0.000000000000000000e+00 0.000000000000000000e+00 0.000000000000000000e+00 0.000000000000000000e+00 0.000000000000000000e+00 0.000000000000000000e+00 0.000000000000000000e+00 0.000000000000000000e+00 0.000000000000000000e+00 0.000000000000000000e+00 0.000000000000000000e+00 0.000000000000000000e+00 0.000000000000000000e+00 0.000000000000000000e+00 0.000000000000000000e+00 0.000000000000000000e+00 0.000000000000000000e+00 0.000000000000000000e+00 0.000000000000000000e+00 0.000000000000000000e+00 0.000000000000000000e+00 0.000000000000000000e+00 0.000000000000000000e+00 0.000000000000000000e+00 0.000000000000000000e+00 0.000000000000000000e+00 0.000000000000000000e+00 0.000000000000000000e+00 0.000000000000000000e+00 0.000000000000000000e+00 0.000000000000000000e+00 0.000000000000000000e+00 0.000000000000000000e+00 0.000000000000000000e+00 0.000000000000000000e+00 0.000000000000000000e+00 0.000000000000000000e+00 0.000000000000000000e+00 0.000000000000000000e+00 0.000000000000000000e+00 0.000000000000000000e+00 0.000000000000000000e+00 0.000000000000000000e+00 0.000000000000000000e+00 1.200826168403861899e-05 0.000000000000000000e+00 0.000000000000000000e+00 0.000000000000000000e+00
2.005248386974516628e-01 2.245338430041746852e-02 4.180518636296435067e-04 2.246806694989283981e-02 1.461794693757660982e-02 6.187346768073441255e-04 3.894942276892252026e-05 2.356565025808058950e-03 2.825606334558469724e-04 5.295302235971614233e-05 9.343299519487453006e-05 5.536546745064168745e-05 1.040318284188183548e-03 0.000000000000000000e+00 4.636923138189362747e-01 1.144451394696868773e-04 2.565896897597387386e-04 1.371214790972241204e-03 1.773864246231954527e-03 1.068886449535726011e-04 8.291730173824947469e-04 3.348906874236857838e-03 9.734216585083555135e-05 4.929740222464209463e-05 0.000000000000000000e+00 0.000000000000000000e+00 0.000000000000000000e+00 1.862858632978579604e-04 2.273199022957952953e-02 3.228508143324870794e-01 1.287722726530101357e-02 0.000000000000000000e+00 1.385267755162122210e-03 0.000000000000000000e+00 6.462631454402216361e-05 8.638726250558946150e-05 8.140362663832577611e-05 0.000000000000000000e+00 5.611806987317681820e-05 0.000000000000000000e+00 3.088017244439918152e-03 2.023464432212464920e-04 8.313493376179963146e-02 0.000000000000000000e+00 2.518397071355880939e-05 0.000000000000000000e+00 1.764876253681393255e-05 1.013135247599208845e-04 1.067599734137259782e-01 1.810614037601596393e-01 2.438645813473672402e-05 0.000000000000000000e+00 0.000000000000000000e+00 0.000000000000000000e+00 4.490254457924677372e-05 0.000000000000000000e+00 0.000000000000000000e+00 0.000000000000000000e+00 0.000000000000000000e+00 0.000000000000000000e+00 0.000000000000000000e+00 0.000000000000000000e+00 0.000000000000000000e+00 0.000000000000000000e+00 0.000000000000000000e+00 0.000000000000000000e+00 2.121754776070000853e-05 0.000000000000000000e+00 1.179724612284512801e-04 0.000000000000000000e+00 0.000000000000000000e+00 4.015096763832008394e-06 0.000000000000000000e+00 0.000000000000000000e+00 0.000000000000000000e+00 0.000000000000000000e+00 0.000000000000000000e+00 0.000000000000000000e+00 0.000000000000000000e+00 0.000000000000000000e+00 0.000000000000000000e+00 0.000000000000000000e+00 0.000000000000000000e+00 0.000000000000000000e+00 0.000000000000000000e+00 0.000000000000000000e+00 8.668966832532898383e-06 4.086970737289520822e-05 0.000000000000000000e+00 0.000000000000000000e+00 4.003601858227859327e-05 0.000000000000000000e+00 0.000000000000000000e+00 0.000000000000000000e+00 0.000000000000000000e+00 7.909139801955139835e-06 4.334483416266449192e-06 0.000000000000000000e+00 0.000000000000000000e+00 0.000000000000000000e+00
2.417393660499686514e-02 5.440817783010307163e-02 0.000000000000000000e+00 1.198463517498098985e-01 8.093056140596507474e-04 8.839020938861142642e-04 8.471348571082991407e-05 6.807114971776252093e-04 1.731807035005415317e-04 5.187421540249203320e-06 5.187421540249203320e-06 0.000000000000000000e+00 1.200826168403861899e-05 4.636923138189362747e-01 0.000000000000000000e+00 4.623604897257370524e-04 0.000000000000000000e+00 6.259453394724132178e-04 1.190427609658130381e-03 1.279295875550097229e-05 7.781495603454983948e-06 6.454455130079028713e-03 0.000000000000000000e+00 0.000000000000000000e+00 0.000000000000000000e+00 0.000000000000000000e+00 0.000000000000000000e+00 2.872234373333754304e-04 2.588018414972470971e-03 2.008920767998734896e-02 5.119578302163386822e-03 0.000000000000000000e+00 0.000000000000000000e+00 0.000000000000000000e+00 4.255283945154756222e-05 1.380986576810473396e-05 2.033004467333066124e-05 0.000000000000000000e+00 5.222047359351623551e-05 0.000000000000000000e+00 1.635619811473322614e-03 6.447047748116270342e-04 2.220725370385734365e-01 0.000000000000000000e+00 8.257501940512956351e-06 1.465630954125751110e-05 0.000000000000000000e+00 9.852732156630041624e-06 4.255043856144108752e-03 2.372083205237960346e-01 0.000000000000000000e+00 1.037484308049840664e-05 0.000000000000000000e+00 0.000000000000000000e+00 0.000000000000000000e+00 0.000000000000000000e+00 0.000000000000000000e+00 0.000000000000000000e+00 0.000000000000000000e+00 0.000000000000000000e+00 0.000000000000000000e+00 0.000000000000000000e+00 0.000000000000000000e+00 0.000000000000000000e+00 0.000000000000000000e+00 0.000000000000000000e+00 8.487019104280003751e-06 0.000000000000000000e+00 7.102373613261551771e-06 0.000000000000000000e+00 0.000000000000000000e+00 0.000000000000000000e+00 0.000000000000000000e+00 0.000000000000000000e+00 0.000000000000000000e+00 0.000000000000000000e+00 0.000000000000000000e+00 0.000000000000000000e+00 0.000000000000000000e+00 0.000000000000000000e+00 0.000000000000000000e+00 0.000000000000000000e+00 0.000000000000000000e+00 0.000000000000000000e+00 0.000000000000000000e+00 0.000000000000000000e+00 0.000000000000000000e+00 1.029613496186110519e-05 0.000000000000000000e+00 0.000000000000000000e+00 0.000000000000000000e+00 0.000000000000000000e+00 0.000000000000000000e+00 0.000000000000000000e+00 0.000000000000000000e+00 1.037484308049840664e-05 0.000000000000000000e+00 0.000000000000000000e+00 0.000000000000000000e+00 0.000000000000000000e+00
3.479736640369619430e-05 7.831064089039438468e-05 1.136158450918244096e-05 1.588295177956374205e-01 9.604730961422211282e-04 1.456354646361789160e-03 6.680986102800644255e-02 8.312697560711746749e-04 1.240350596569522713e-05 3.842006796865717966e-04 4.646070313849966714e-05 6.417990912124868186e-06 1.283598182424973637e-05 1.144451394696868773e-04 4.623604897257370524e-04 0.000000000000000000e+00 2.506709258212932025e-04 2.234441989842306242e-02 1.768023300691528299e-01 1.279295875550097229e-05 7.003346043109486062e-05 3.541019110931850036e-04 0.000000000000000000e+00 1.102550499413910230e-04 0.000000000000000000e+00 0.000000000000000000e+00 0.000000000000000000e+00 1.410220062957647782e-05 1.729285918271010610e-04 4.599333069047559924e-04 3.382209661997511718e-01 0.000000000000000000e+00 1.283598182424973637e-05 0.000000000000000000e+00 1.367579492458548263e-01 3.354543670040184555e-02 2.749676107095764925e-03 0.000000000000000000e+00 8.837683578684790014e-03 0.000000000000000000e+00 2.684718049242601099e-04 2.367267301566622741e-04 9.164725525730822719e-02 0.000000000000000000e+00 0.000000000000000000e+00 0.000000000000000000e+00 0.000000000000000000e+00 8.604210344513991277e-03 1.335432650718818698e-02 0.000000000000000000e+00 1.540113968577811344e-04 1.567205705811107919e-04 4.077847360818577901e-05 5.340054682159945714e-06 1.282849600242568075e-03 1.392333583535008447e-04 0.000000000000000000e+00 0.000000000000000000e+00 7.160938098379012774e-05 0.000000000000000000e+00 6.238848059094369044e-06 0.000000000000000000e+00 0.000000000000000000e+00 0.000000000000000000e+00 0.000000000000000000e+00 0.000000000000000000e+00 5.314932256957975156e-04 0.000000000000000000e+00 3.382448409021214606e-03 0.000000000000000000e+00 0.000000000000000000e+00 1.043308767595687743e-05 1.898884405411820477e-04 0.000000000000000000e+00 0.000000000000000000e+00 0.000000000000000000e+00 0.000000000000000000e+00 0.000000000000000000e+00 1.283598182424973637e-05 6.417990912124868186e-06 0.000000000000000000e+00 0.000000000000000000e+00 1.527448244961966581e-05 0.000000000000000000e+00 0.000000000000000000e+00 0.000000000000000000e+00 1.729277640334095844e-03 1.435137969765511124e-03 0.000000000000000000e+00 0.000000000000000000e+00 8.074941566953786412e-04 0.000000000000000000e+00 0.000000000000000000e+00 0.000000000000000000e+00 0.000000000000000000e+00 2.083338042242375079e-03 1.936630328670484440e-04 0.000000000000000000e+00 5.024150485676700341e-05 0.000000000000000000e+00
