0.000000000000000000e+00 5.074555280285184544e+00 7.938330705054383429e+00 4.724054988913525222e+01 5.698916159021715444e+00 3.156437428087986419e+01 4.404724536862003959e+01 0.000000000000000000e+00 0.000000000000000000e+00 0.000000000000000000e+00 0.000000000000000000e+00 0.000000000000000000e+00 0.000000000000000000e+00 4.404597572588276222e+00 2.482811875000000157e+01 7.052500499999999306e+01 0.000000000000000000e+00 0.000000000000000000e+00 0.000000000000000000e+00 0.000000000000000000e+00 0.000000000000000000e+00 9.255146910299004048e+01 0.000000000000000000e+00 0.000000000000000000e+00 0.000000000000000000e+00 0.000000000000000000e+00 0.000000000000000000e+00 1.135045714285714240e+02 8.215307213448802770e+01 4.143265482166446390e+01 9.100000000000000000e+01 0.000000000000000000e+00 0.000000000000000000e+00 0.000000000000000000e+00 7.671579452054794501e+01 0.000000000000000000e+00 0.000000000000000000e+00 0.000000000000000000e+00 0.000000000000000000e+00 1.610000000000000000e+02 9.912145954631380107e+01 1.005709999999999980e+02 5.858333333333333570e+01 0.000000000000000000e+00 0.000000000000000000e+00 1.255000000000000000e+02 0.000000000000000000e+00 6.970003538461538994e+01 6.108342641998586231e+01 0.000000000000000000e+00 1.706945555555555529e+02 9.264059999999999206e+01 1.544802156862745051e+02 1.234165555555555613e+02 1.216472128935532169e+02 1.628018613861385973e+02 0.000000000000000000e+00 0.000000000000000000e+00 0.000000000000000000e+00 0.000000000000000000e+00 0.000000000000000000e+00 0.000000000000000000e+00 0.000000000000000000e+00 0.000000000000000000e+00 1.698329999999999984e+02 0.000000000000000000e+00 1.435000000000000000e+02 0.000000000000000000e+00 0.000000000000000000e+00 0.000000000000000000e+00 0.000000000000000000e+00 0.000000000000000000e+00 0.000000000000000000e+00 0.000000000000000000e+00 0.000000000000000000e+00 0.000000000000000000e+00 0.000000000000000000e+00 2.185000000000000000e+02 0.000000000000000000e+00 0.000000000000000000e+00 0.000000000000000000e+00 0.000000000000000000e+00 0.000000000000000000e+00 0.000000000000000000e+00 0.000000000000000000e+00 0.000000000000000000e+00 0.000000000000000000e+00 1.339267737226277575e+02 0.000000000000000000e+00 0.000000000000000000e+00 0.000000000000000000e+00 2.305000000000000000e+02 0.000000000000000000e+00 0.000000000000000000e+00 0.000000000000000000e+00 1.064083299663299869e+02 1.740829999999999984e+02 0.000000000000000000e+00 0.000000000000000000e+00 0.000000000000000000e+00
5.074555280285184544e+00 0.000000000000000000e+00 4.893647219628865841e+00 5.656353319632298593e+00 5.575000000000000000e+01 5.019391215469612888e+01 6.580085784883721089e+01 0.000000000000000000e+00 0.000000000000000000e+00 0.000000000000000000e+00 0.000000000000000000e+00 0.000000000000000000e+00 0.000000000000000000e+00 7.159008740372670765e+00 7.933498589721405203e+00 8.371428571428570820e+01 0.000000000000000000e+00 0.000000000000000000e+00 0.000000000000000000e+00 0.000000000000000000e+00 0.000000000000000000e+00 9.687193414634145938e+01 0.000000000000000000e+00 0.000000000000000000e+00 0.000000000000000000e+00 0.000000000000000000e+00 0.000000000000000000e+00 1.237500000000000000e+02 1.086352499999999850e+02 1.070000000000000000e+02 0.000000000000000000e+00 0.000000000000000000e+00 0.000000000000000000e+00 0.000000000000000000e+00 8.178471249999999770e+01 0.000000000000000000e+00 0.000000000000000000e+00 0.000000000000000000e+00 0.000000000000000000e+00 0.000000000000000000e+00 1.217854285714285822e+02 0.000000000000000000e+00 6.650000000000000000e+01 0.000000000000000000e+00 0.000000000000000000e+00 0.000000000000000000e+00 1.635000000000000000e+02 7.402140149253732204e+01 6.949203445814406166e+01 0.000000000000000000e+00 1.744520769230769019e+02 1.800871159420290155e+02 1.628964285714285722e+02 1.644722592592592605e+02 1.091461075514874182e+02 1.686173860465116263e+02 0.000000000000000000e+00 0.000000000000000000e+00 0.000000000000000000e+00 0.000000000000000000e+00 0.000000000000000000e+00 0.000000000000000000e+00 0.000000000000000000e+00 0.000000000000000000e+00 1.749288571428571402e+02 0.000000000000000000e+00 1.721666666666666856e+02 0.000000000000000000e+00 0.000000000000000000e+00 0.000000000000000000e+00 0.000000000000000000e+00 2.635000000000000000e+02 0.000000000000000000e+00 0.000000000000000000e+00 0.000000000000000000e+00 0.000000000000000000e+00 0.000000000000000000e+00 0.000000000000000000e+00 0.000000000000000000e+00 0.000000000000000000e+00 0.000000000000000000e+00 0.000000000000000000e+00 0.000000000000000000e+00 0.000000000000000000e+00 0.000000000000000000e+00 0.000000000000000000e+00 1.115000000000000000e+02 1.368261222222222386e+02 0.000000000000000000e+00 0.000000000000000000e+00 1.311666666666666572e+02 0.000000000000000000e+00 0.000000000000000000e+00 0.000000000000000000e+00 0.000000000000000000e+00 1.087060201612903256e+02 1.526252500000000225e+02 0.000000000000000000e+00 0.000000000000000000e+00 0.000000000000000000e+00
7.938330705054383429e+00 4.893647219628865841e+00 0.000000000000000000e+00 1.607416518271843131e+01 5.344647193533464957e+00 1.201056585041461666e+01 8.643202774076506500e+00 0.000000000000000000e+00 0.000000000000000000e+00 0.000000000000000000e+00 0.000000000000000000e+00 0.000000000000000000e+00 0.000000000000000000e+00 5.487237021276595783e+01 4.846772258064515881e+01 8.984615384615383959e+01 0.000000000000000000e+00 0.000000000000000000e+00 0.000000000000000000e+00 0.000000000000000000e+00 0.000000000000000000e+00 9.890069735099336867e+01 0.000000000000000000e+00 0.000000000000000000e+00 0.000000000000000000e+00 0.000000000000000000e+00 0.000000000000000000e+00 1.270559999999999832e+02 1.132067931034482626e+02 9.600006666666666888e+01 0.000000000000000000e+00 0.000000000000000000e+00 0.000000000000000000e+00 0.000000000000000000e+00 8.408107567567569163e+01 1.635000000000000000e+02 0.000000000000000000e+00 0.000000000000000000e+00 0.000000000000000000e+00 0.000000000000000000e+00 1.169776764705882499e+02 1.120000000000000000e+02 0.000000000000000000e+00 0.000000000000000000e+00 0.000000000000000000e+00 0.000000000000000000e+00 0.000000000000000000e+00 7.321713661082119984e+01 7.423491323587828106e+01 0.000000000000000000e+00 1.759323483146067701e+02 5.834396242424242018e+01 1.627131958041958057e+02 7.697570134367641259e+00 1.064060776492082709e+02 8.353768751991503905e+01 0.000000000000000000e+00 0.000000000000000000e+00 0.000000000000000000e+00 0.000000000000000000e+00 0.000000000000000000e+00 0.000000000000000000e+00 0.000000000000000000e+00 0.000000000000000000e+00 1.744499999999999886e+02 0.000000000000000000e+00 1.547500000000000000e+02 0.000000000000000000e+00 0.000000000000000000e+00 0.000000000000000000e+00 0.000000000000000000e+00 1.962497500000000059e+02 0.000000000000000000e+00 0.000000000000000000e+00 0.000000000000000000e+00 0.000000000000000000e+00 0.000000000000000000e+00 0.000000000000000000e+00 0.000000000000000000e+00 0.000000000000000000e+00 0.000000000000000000e+00 0.000000000000000000e+00 0.000000000000000000e+00 0.000000000000000000e+00 0.000000000000000000e+00 0.000000000000000000e+00 0.000000000000000000e+00 1.436824716981132042e+02 0.000000000000000000e+00 0.000000000000000000e+00 1.290000000000000000e+02 0.000000000000000000e+00 0.000000000000000000e+00 0.000000000000000000e+00 0.000000000000000000e+00 8.521035032080659732e+01 1.114573720930232525e+02 0.000000000000000000e+00 0.000000000000000000e+00 0.000000000000000000e+00
4.724054988913525222e+01 5.656353319632298593e+00 1.607416518271843131e+01 0.000000000000000000e+00 5.637143714285714680e+01 3.683677285546416158e+01 5.637332077894377846e+00 0.000000000000000000e+00 0.000000000000000000e+00 6.212497499999999917e+01 0.000000000000000000e+00 0.000000000000000000e+00 0.000000000000000000e+00 3.298297541929666465e+01 7.206138217236945920e+00 5.243781430840503077e+00 0.000000000000000000e+00 0.000000000000000000e+00 9.700000000000000000e+01 0.000000000000000000e+00 6.900000000000000000e+01 8.124233102541631979e+01 0.000000000000000000e+00 8.250000000000000000e+01 0.000000000000000000e+00 0.000000000000000000e+00 0.000000000000000000e+00 1.183789655172413831e+02 8.418290904419322374e+01 6.366952203389830345e+01 4.878567142857142613e+01 0.000000000000000000e+00 0.000000000000000000e+00 1.530000000000000000e+02 1.745178024448810561e+01 9.077779999999999916e+01 5.183330000000000126e+01 0.000000000000000000e+00 1.030555555555555571e+02 0.000000000000000000e+00 1.068688175438596488e+02 9.100000000000000000e+01 9.321799614519754584e+00 0.000000000000000000e+00 0.000000000000000000e+00 1.189997500000000059e+02 0.000000000000000000e+00 7.226910589933993379e+01 7.162128166111571659e+01 0.000000000000000000e+00 1.639927794117647011e+02 1.740301136363636374e+02 1.571308086956521493e+02 1.578467200000000048e+02 1.107820353982300929e+02 1.619467445255474445e+02 0.000000000000000000e+00 0.000000000000000000e+00 0.000000000000000000e+00 0.000000000000000000e+00 0.000000000000000000e+00 0.000000000000000000e+00 0.000000000000000000e+00 0.000000000000000000e+00 1.733329999999999984e+02 0.000000000000000000e+00 1.578495999999999810e+02 0.000000000000000000e+00 1.677500000000000000e+02 0.000000000000000000e+00 0.000000000000000000e+00 2.090000000000000000e+02 0.000000000000000000e+00 0.000000000000000000e+00 0.000000000000000000e+00 0.000000000000000000e+00 0.000000000000000000e+00 0.000000000000000000e+00 0.000000000000000000e+00 0.000000000000000000e+00 0.000000000000000000e+00 0.000000000000000000e+00 0.000000000000000000e+00 1.720000000000000000e+02 0.000000000000000000e+00 0.000000000000000000e+00 0.000000000000000000e+00 1.198545384615384535e+02 0.000000000000000000e+00 0.000000000000000000e+00 1.310500000000000114e+02 0.000000000000000000e+00 0.000000000000000000e+00 0.000000000000000000e+00 0.000000000000000000e+00 8.355472081545065066e+01 1.119700895522388180e+02 0.000000000000000000e+00 0.000000000000000000e+00 0.000000000000000000e+00
5.698916159021715444e+00 5.575000000000000000e+01 5.344647193533464957e+00 5.637143714285714680e+01 0.000000000000000000e+00 3.774510749552653976e+00 6.318232941176471229e+01 0.000000000000000000e+00 0.000000000000000000e+00 0.000000000000000000e+00 0.000000000000000000e+00 0.000000000000000000e+00 0.000000000000000000e+00 5.815992687296416719e+00 3.788459230769230857e+01 6.207999999999999829e+01 0.000000000000000000e+00 0.000000000000000000e+00 0.000000000000000000e+00 0.000000000000000000e+00 0.000000000000000000e+00 8.259463513513513533e+01 0.000000000000000000e+00 0.000000000000000000e+00 0.000000000000000000e+00 0.000000000000000000e+00 0.000000000000000000e+00 9.925659868421053034e+01 5.122651023513139990e+01 2.863680384615384611e+01 0.000000000000000000e+00 0.000000000000000000e+00 0.000000000000000000e+00 0.000000000000000000e+00 5.858331333333333646e+01 5.725000000000000000e+01 0.000000000000000000e+00 0.000000000000000000e+00 0.000000000000000000e+00 0.000000000000000000e+00 8.119178301886793747e+01 7.050000000000000000e+01 5.900000000000000000e+01 0.000000000000000000e+00 0.000000000000000000e+00 0.000000000000000000e+00 0.000000000000000000e+00 2.254121420454545444e+01 9.089705696257146528e+00 0.000000000000000000e+00 1.112969999999999970e+02 9.792823142857142216e+01 1.268479999999999990e+02 4.594735263157894423e+01 1.259333333333333371e+02 1.345583478260869583e+02 0.000000000000000000e+00 0.000000000000000000e+00 0.000000000000000000e+00 0.000000000000000000e+00 0.000000000000000000e+00 0.000000000000000000e+00 0.000000000000000000e+00 0.000000000000000000e+00 1.353329999999999984e+02 1.234380000000000024e+02 1.168930000000000007e+02 0.000000000000000000e+00 1.152500000000000000e+02 0.000000000000000000e+00 0.000000000000000000e+00 2.080000000000000000e+02 0.000000000000000000e+00 0.000000000000000000e+00 0.000000000000000000e+00 0.000000000000000000e+00 0.000000000000000000e+00 0.000000000000000000e+00 0.000000000000000000e+00 0.000000000000000000e+00 0.000000000000000000e+00 0.000000000000000000e+00 0.000000000000000000e+00 0.000000000000000000e+00 0.000000000000000000e+00 0.000000000000000000e+00 0.000000000000000000e+00 1.074067627494456758e+02 0.000000000000000000e+00 0.000000000000000000e+00 1.047000000000000028e+02 0.000000000000000000e+00 0.000000000000000000e+00 0.000000000000000000e+00 0.000000000000000000e+00 1.185788947368421162e+02 1.179065624999999926e+02 0.000000000000000000e+00 0.000000000000000000e+00 0.000000000000000000e+00
3.156437428087986419e+01 5.019391215469612888e+01 1.201056585041461666e+01 3.683677285546416158e+01 3.774510749552653976e+00 0.000000000000000000e+00 1.286635355670966874e+01 6.483333333333334281e+01 5.354208459657701979e+01 0.000000000000000000e+00 0.000000000000000000e+00 0.000000000000000000e+00 0.000000000000000000e+00 4.747913750000000022e+01 7.279703168316831352e+01 6.404191459459460134e+01 0.000000000000000000e+00 0.000000000000000000e+00 6.460275272727272977e+01 4.851847222222222200e+01 6.395949999999999847e+01 8.280435000000001367e+01 7.626315263157894719e+01 6.141268004987531270e+01 5.236567500000000308e+01 7.375000000000000000e+01 7.255885294117646822e+01 5.426875164541017149e+00 9.318180909090909836e+01 8.309998000000001639e+01 6.164535605536331531e+01 7.975001999999999214e+01 6.925000000000000000e+01 0.000000000000000000e+00 4.513750195599021708e+01 6.566320621761657605e+01 2.712003200000000191e+01 9.750000000000000000e+01 5.256870191693290906e+01 0.000000000000000000e+00 1.026031273972602804e+02 7.750000000000000000e+01 6.571141599999998562e+01 7.963269387755102002e+01 0.000000000000000000e+00 8.850002500000000794e+01 7.813926857142857330e+01 6.848730441728653417e+00 1.172031351462048931e+01 0.000000000000000000e+00 1.202490857142857124e+02 1.247312407407407306e+02 1.142755690440060619e+02 1.195527907709945659e+01 6.939150029793573538e+01 1.116322098765432145e+02 0.000000000000000000e+00 0.000000000000000000e+00 6.459999999999999432e+01 5.571003681298413568e+01 0.000000000000000000e+00 0.000000000000000000e+00 0.000000000000000000e+00 0.000000000000000000e+00 1.232726136363636442e+02 0.000000000000000000e+00 1.137636315789473542e+02 0.000000000000000000e+00 1.063640000000000043e+02 0.000000000000000000e+00 0.000000000000000000e+00 2.115000000000000000e+02 5.665650434782608613e+01 5.087599999999999056e+01 0.000000000000000000e+00 0.000000000000000000e+00 1.269000000000000057e+02 2.591496430976430787e+01 1.690000000000000000e+02 0.000000000000000000e+00 0.000000000000000000e+00 0.000000000000000000e+00 0.000000000000000000e+00 0.000000000000000000e+00 0.000000000000000000e+00 0.000000000000000000e+00 1.472780000000000022e+01 1.050659214774281622e+02 0.000000000000000000e+00 0.000000000000000000e+00 1.121669999999999874e+02 7.875000000000000000e+01 0.000000000000000000e+00 0.000000000000000000e+00 0.000000000000000000e+00 4.642210785774528858e+01 8.132018861209962779e+01 0.000000000000000000e+00 0.000000000000000000e+00 0.000000000000000000e+00
4.404724536862003959e+01 6.580085784883721089e+01 8.643202774076506500e+00 5.637332077894377846e+00 6.318232941176471229e+01 1.286635355670966874e+01 0.000000000000000000e+00 0.000000000000000000e+00 0.000000000000000000e+00 0.000000000000000000e+00 0.000000000000000000e+00 0.000000000000000000e+00 0.000000000000000000e+00 8.408329999999999416e+01 5.800000000000000000e+01 7.420579095713446094e+00 0.000000000000000000e+00 0.000000000000000000e+00 0.000000000000000000e+00 0.000000000000000000e+00 0.000000000000000000e+00 9.660524210526317290e+01 0.000000000000000000e+00 0.000000000000000000e+00 0.000000000000000000e+00 0.000000000000000000e+00 0.000000000000000000e+00 0.000000000000000000e+00 1.186113333333333344e+02 0.000000000000000000e+00 1.310000000000000000e+02 0.000000000000000000e+00 0.000000000000000000e+00 0.000000000000000000e+00 4.831189243626062613e+00 6.183333333333333570e+01 4.671428571428570820e+01 0.000000000000000000e+00 8.542766371681416615e+00 0.000000000000000000e+00 1.338997999999999990e+02 0.000000000000000000e+00 4.729999999999999716e+01 0.000000000000000000e+00 0.000000000000000000e+00 0.000000000000000000e+00 0.000000000000000000e+00 1.881659543419874936e+01 7.347275586854459561e+01 0.000000000000000000e+00 1.513657391304348039e+02 1.573804285714285811e+02 1.386733521126760706e+02 1.219500220994475228e+02 1.025064426211453821e+02 1.408645301204819305e+02 0.000000000000000000e+00 0.000000000000000000e+00 0.000000000000000000e+00 0.000000000000000000e+00 0.000000000000000000e+00 0.000000000000000000e+00 0.000000000000000000e+00 0.000000000000000000e+00 1.446428571428571388e+02 0.000000000000000000e+00 1.361999999999999886e+02 0.000000000000000000e+00 0.000000000000000000e+00 0.000000000000000000e+00 0.000000000000000000e+00 1.848329999999999984e+02 0.000000000000000000e+00 0.000000000000000000e+00 0.000000000000000000e+00 0.000000000000000000e+00 0.000000000000000000e+00 0.000000000000000000e+00 0.000000000000000000e+00 0.000000000000000000e+00 0.000000000000000000e+00 0.000000000000000000e+00 0.000000000000000000e+00 0.000000000000000000e+00 0.000000000000000000e+00 0.000000000000000000e+00 8.425000000000000000e+01 1.030598521327014225e+02 0.000000000000000000e+00 0.000000000000000000e+00 9.815786315789472383e+01 0.000000000000000000e+00 0.000000000000000000e+00 0.000000000000000000e+00 0.000000000000000000e+00 6.396899798270893456e+01 9.911953935860059062e+01 0.000000000000000000e+00 0.000000000000000000e+00 0.000000000000000000e+00
0.000000000000000000e+00 0.000000000000000000e+00 0.000000000000000000e+00 0.000000000000000000e+00 0.000000000000000000e+00 6.483333333333334281e+01 0.000000000000000000e+00 0.000000000000000000e+00 4.693351205222358047e+00 8.837500000000000000e+01 5.070132727272726925e+01 6.999005894039734699e+01 9.919427430243024091e+00 8.631019999999999470e+01 6.967071219512195057e+01 3.993472222222222712e+01 3.145769465478841909e+01 8.826011166486653181e+00 8.623734136279095353e+00 5.887984954586286790e+00 6.662500000000000000e+01 6.331235581113801913e+01 5.714102435897435583e+01 3.819564782608695452e+01 6.750000000000000000e+01 0.000000000000000000e+00 0.000000000000000000e+00 8.120000000000000284e+01 8.125546222760289083e+01 1.212274545454545489e+02 1.936575497076023566e+01 0.000000000000000000e+00 5.108896014234875338e+01 0.000000000000000000e+00 0.000000000000000000e+00 0.000000000000000000e+00 0.000000000000000000e+00 6.200000000000000000e+01 0.000000000000000000e+00 0.000000000000000000e+00 0.000000000000000000e+00 1.185000000000000000e+02 6.496667999999999665e+01 0.000000000000000000e+00 5.171427857142856510e+01 0.000000000000000000e+00 7.570371851851852796e+01 3.450000000000000000e+01 7.351073378956373006e+01 1.267500000000000000e+02 0.000000000000000000e+00 0.000000000000000000e+00 0.000000000000000000e+00 0.000000000000000000e+00 0.000000000000000000e+00 0.000000000000000000e+00 0.000000000000000000e+00 0.000000000000000000e+00 0.000000000000000000e+00 0.000000000000000000e+00 0.000000000000000000e+00 0.000000000000000000e+00 0.000000000000000000e+00 0.000000000000000000e+00 0.000000000000000000e+00 0.000000000000000000e+00 0.000000000000000000e+00 0.000000000000000000e+00 0.000000000000000000e+00 0.000000000000000000e+00 0.000000000000000000e+00 0.000000000000000000e+00 0.000000000000000000e+00 0.000000000000000000e+00 0.000000000000000000e+00 0.000000000000000000e+00 0.000000000000000000e+00 0.000000000000000000e+00 1.135000000000000000e+02 0.000000000000000000e+00 0.000000000000000000e+00 0.000000000000000000e+00 0.000000000000000000e+00 0.000000000000000000e+00 0.000000000000000000e+00 0.000000000000000000e+00 0.000000000000000000e+00 0.000000000000000000e+00 0.000000000000000000e+00 0.000000000000000000e+00 0.000000000000000000e+00 0.000000000000000000e+00 0.000000000000000000e+00 0.000000000000000000e+00 0.000000000000000000e+00 0.000000000000000000e+00 1.190000000000000000e+02 0.000000000000000000e+00 0.000000000000000000e+00 0.000000000000000000e+00
0.000000000000000000e+00 0.000000000000000000e+00 0.000000000000000000e+00 0.000000000000000000e+00 0.000000000000000000e+00 5.354208459657701979e+01 0.000000000000000000e+00 4.693351205222358047e+00 0.000000000000000000e+00 0.000000000000000000e+00 6.036704893617020673e+01 7.374241818181818076e+01 7.883333333333332860e+01 8.721236283185841387e+01 7.676616559139785068e+01 5.588867044270833162e+01 0.000000000000000000e+00 3.734369999999999834e+01 8.405113435633255747e+00 3.298068220761435576e+00 0.000000000000000000e+00 6.839825620655410887e+01 5.917415730337078372e+01 1.098813506981863242e+01 4.281729257965818825e+00 0.000000000000000000e+00 6.301454938891184909e+00 4.561207926421404579e+01 8.462261363636363853e+01 1.090830000000000126e+02 5.647162268041237354e+01 0.000000000000000000e+00 7.447562195121952300e+01 0.000000000000000000e+00 7.850000000000000000e+01 2.766325306122448779e+01 4.274570977683315220e+01 0.000000000000000000e+00 5.240786315789473804e+01 6.644445000000000334e+01 1.160000000000000000e+02 0.000000000000000000e+00 7.853699999999999193e+01 5.450000000000000000e+01 0.000000000000000000e+00 0.000000000000000000e+00 9.283329999999999416e+01 4.506507945054944742e+01 7.511670132871535088e+01 0.000000000000000000e+00 1.185000000000000000e+02 0.000000000000000000e+00 0.000000000000000000e+00 0.000000000000000000e+00 6.522511408943292111e+01 0.000000000000000000e+00 0.000000000000000000e+00 0.000000000000000000e+00 1.183086764705882388e+02 1.069981799687010948e+02 0.000000000000000000e+00 0.000000000000000000e+00 0.000000000000000000e+00 0.000000000000000000e+00 0.000000000000000000e+00 0.000000000000000000e+00 0.000000000000000000e+00 0.000000000000000000e+00 1.256117999999999881e+02 9.875000000000000000e+01 0.000000000000000000e+00 0.000000000000000000e+00 1.057135917936693943e+02 8.348488700906344206e+01 0.000000000000000000e+00 0.000000000000000000e+00 3.183592812500000235e+01 4.893750000000000000e+01 9.055880000000000507e+01 0.000000000000000000e+00 0.000000000000000000e+00 0.000000000000000000e+00 0.000000000000000000e+00 0.000000000000000000e+00 0.000000000000000000e+00 0.000000000000000000e+00 5.861127722222222047e+01 1.218333333333333286e+02 0.000000000000000000e+00 7.787500000000000000e+01 1.165000000000000000e+02 6.050000000000000000e+01 0.000000000000000000e+00 0.000000000000000000e+00 0.000000000000000000e+00 0.000000000000000000e+00 1.212500000000000000e+02 0.000000000000000000e+00 0.000000000000000000e+00 0.000000000000000000e+00
0.000000000000000000e+00 0.000000000000000000e+00 0.000000000000000000e+00 6.212497499999999917e+01 0.000000000000000000e+00 0.000000000000000000e+00 0.000000000000000000e+00 8.837500000000000000e+01 0.000000000000000000e+00 0.000000000000000000e+00 8.312140112804042857e+00 1.652511969020740423e+01 5.980347079889806849e+01 7.329167499999999791e+01 5.274996538461538620e+01 4.909589452054794378e+01 3.667249050000000210e+01 8.850000000000000000e+01 6.150000000000000000e+01 1.005833333333333428e+02 1.163518442270058628e+01 1.968184081081081160e+01 5.526919999999999789e+01 0.000000000000000000e+00 0.000000000000000000e+00 0.000000000000000000e+00 1.220000000000000000e+02 7.002777222222221098e+01 7.093208148148148950e+01 4.763594495356036873e+01 4.180250370370370661e+01 0.000000000000000000e+00 6.412138319502074069e+01 1.090000000000000000e+02 0.000000000000000000e+00 0.000000000000000000e+00 0.000000000000000000e+00 0.000000000000000000e+00 0.000000000000000000e+00 0.000000000000000000e+00 2.568922778456199296e+01 1.543152867565570929e+01 3.016159371633752428e+01 0.000000000000000000e+00 0.000000000000000000e+00 7.950000000000000000e+01 7.803792137931034745e+01 3.575000000000000000e+01 5.241168245614035470e+01 5.692800343360234550e+00 0.000000000000000000e+00 0.000000000000000000e+00 0.000000000000000000e+00 0.000000000000000000e+00 0.000000000000000000e+00 0.000000000000000000e+00 0.000000000000000000e+00 0.000000000000000000e+00 0.000000000000000000e+00 0.000000000000000000e+00 0.000000000000000000e+00 0.000000000000000000e+00 0.000000000000000000e+00 0.000000000000000000e+00 0.000000000000000000e+00 0.000000000000000000e+00 0.000000000000000000e+00 0.000000000000000000e+00 0.000000000000000000e+00 0.000000000000000000e+00 0.000000000000000000e+00 0.000000000000000000e+00 0.000000000000000000e+00 0.000000000000000000e+00 0.000000000000000000e+00 0.000000000000000000e+00 0.000000000000000000e+00 0.000000000000000000e+00 0.000000000000000000e+00 0.000000000000000000e+00 0.000000000000000000e+00 0.000000000000000000e+00 0.000000000000000000e+00 0.000000000000000000e+00 0.000000000000000000e+00 0.000000000000000000e+00 0.000000000000000000e+00 0.000000000000000000e+00 0.000000000000000000e+00 0.000000000000000000e+00 0.000000000000000000e+00 0.000000000000000000e+00 0.000000000000000000e+00 0.000000000000000000e+00 0.000000000000000000e+00 0.000000000000000000e+00 0.000000000000000000e+00 0.000000000000000000e+00 0.000000000000000000e+00 0.000000000000000000e+00
0.000000000000000000e+00 0.000000000000000000e+00 0.000000000000000000e+00 0.000000000000000000e+00 0.000000000000000000e+00 0.000000000000000000e+00 0.000000000000000000e+00 5.070132727272726925e+01 6.036704893617020673e+01 8.312140112804042857e+00 0.000000000000000000e+00 1.051356218502466078e+01 3.496432142857142367e+01 6.845833333333332860e+01 6.575002499999999372e+01 4.450000000000000000e+01 2.299118947368420862e+01 4.859999999999999432e+01 5.546425714285714292e+01 5.657144285714285559e+01 1.562535706311721917e+01 1.379479746195681855e+01 8.226170216606497831e+00 0.000000000000000000e+00 7.200000000000000000e+01 0.000000000000000000e+00 1.180000000000000000e+02 5.218183909090909367e+01 4.603634545454545446e+01 6.181224807965860890e+01 4.469320454545454169e+01 0.000000000000000000e+00 6.453702222222221963e+01 0.000000000000000000e+00 0.000000000000000000e+00 6.800000000000000000e+01 0.000000000000000000e+00 0.000000000000000000e+00 3.950000000000000000e+01 0.000000000000000000e+00 7.537561145662847650e+01 5.638880836298932309e+01 4.891428000000000509e+01 0.000000000000000000e+00 0.000000000000000000e+00 0.000000000000000000e+00 8.350000000000000000e+01 2.750000000000000000e+01 3.634796615245009122e+01 5.375000000000000000e+01 0.000000000000000000e+00 0.000000000000000000e+00 0.000000000000000000e+00 0.000000000000000000e+00 0.000000000000000000e+00 0.000000000000000000e+00 0.000000000000000000e+00 0.000000000000000000e+00 0.000000000000000000e+00 0.000000000000000000e+00 0.000000000000000000e+00 0.000000000000000000e+00 0.000000000000000000e+00 0.000000000000000000e+00 0.000000000000000000e+00 0.000000000000000000e+00 0.000000000000000000e+00 0.000000000000000000e+00 0.000000000000000000e+00 0.000000000000000000e+00 0.000000000000000000e+00 0.000000000000000000e+00 0.000000000000000000e+00 0.000000000000000000e+00 0.000000000000000000e+00 0.000000000000000000e+00 0.000000000000000000e+00 0.000000000000000000e+00 0.000000000000000000e+00 0.000000000000000000e+00 0.000000000000000000e+00 0.000000000000000000e+00 0.000000000000000000e+00 0.000000000000000000e+00 0.000000000000000000e+00 0.000000000000000000e+00 0.000000000000000000e+00 0.000000000000000000e+00 0.000000000000000000e+00 0.000000000000000000e+00 0.000000000000000000e+00 0.000000000000000000e+00 0.000000000000000000e+00 0.000000000000000000e+00 0.000000000000000000e+00 0.000000000000000000e+00 0.000000000000000000e+00 0.000000000000000000e+00 0.000000000000000000e+00 0.000000000000000000e+00
0.000000000000000000e+00 0.000000000000000000e+00 0.000000000000000000e+00 0.000000000000000000e+00 0.000000000000000000e+00 0.000000000000000000e+00 0.000000000000000000e+00 6.999005894039734699e+01 7.374241818181818076e+01 1.652511969020740423e+01 1.051356218502466078e+01 0.000000000000000000e+00 3.463646656431626170e+00 9.677623496503497336e+01 8.975000000000000000e+01 8.200000000000000000e+01 7.963891496442982998e+00 4.620774788732394711e+01 7.580769230769230660e+01 6.629558287292817909e+01 4.282432003385322261e+00 5.345852393364928901e+01 8.657588980967917180e+00 0.000000000000000000e+00 7.089364468085106807e+01 0.000000000000000000e+00 0.000000000000000000e+00 1.175000000000000000e+02 9.156250000000000000e+01 9.657482780748662776e+01 5.870983704918032231e+01 0.000000000000000000e+00 2.683279876521432072e+00 0.000000000000000000e+00 0.000000000000000000e+00 0.000000000000000000e+00 0.000000000000000000e+00 0.000000000000000000e+00 0.000000000000000000e+00 0.000000000000000000e+00 1.106328367346938677e+02 8.196821755725190428e+01 7.633333333333332860e+01 8.250000000000000000e+01 0.000000000000000000e+00 0.000000000000000000e+00 4.078783636363635878e+01 5.550000000000000000e+01 8.520495081967213480e+01 8.885957415730337061e+01 0.000000000000000000e+00 0.000000000000000000e+00 0.000000000000000000e+00 0.000000000000000000e+00 0.000000000000000000e+00 0.000000000000000000e+00 0.000000000000000000e+00 0.000000000000000000e+00 0.000000000000000000e+00 0.000000000000000000e+00 0.000000000000000000e+00 0.000000000000000000e+00 0.000000000000000000e+00 0.000000000000000000e+00 0.000000000000000000e+00 0.000000000000000000e+00 0.000000000000000000e+00 0.000000000000000000e+00 0.000000000000000000e+00 0.000000000000000000e+00 0.000000000000000000e+00 0.000000000000000000e+00 0.000000000000000000e+00 0.000000000000000000e+00 0.000000000000000000e+00 0.000000000000000000e+00 0.000000000000000000e+00 0.000000000000000000e+00 0.000000000000000000e+00 0.000000000000000000e+00 0.000000000000000000e+00 0.000000000000000000e+00 0.000000000000000000e+00 0.000000000000000000e+00 0.000000000000000000e+00 0.000000000000000000e+00 0.000000000000000000e+00 0.000000000000000000e+00 0.000000000000000000e+00 0.000000000000000000e+00 0.000000000000000000e+00 0.000000000000000000e+00 0.000000000000000000e+00 0.000000000000000000e+00 0.000000000000000000e+00 0.000000000000000000e+00 0.000000000000000000e+00 0.000000000000000000e+00 0.000000000000000000e+00 0.000000000000000000e+00
0.000000000000000000e+00 0.000000000000000000e+00 0.000000000000000000e+00 0.000000000000000000e+00 0.000000000000000000e+00 0.000000000000000000e+00 0.000000000000000000e+00 9.919427430243024091e+00 7.883333333333332860e+01 5.980347079889806849e+01 3.496432142857142367e+01 3.463646656431626170e+00 0.000000000000000000e+00 8.632467676133259715e+01 8.539286428571428189e+01 6.318518888888888796e+01 4.744054929695387557e+00 1.021673558025671724e+01 4.120274594594594220e+01 1.635578490230905846e+00 6.178775899280574890e+01 7.669999999999998863e+01 6.650000000000000000e+01 0.000000000000000000e+00 0.000000000000000000e+00 0.000000000000000000e+00 0.000000000000000000e+00 0.000000000000000000e+00 1.325000000000000000e+02 9.209181611485496433e+01 4.751605442404006396e+01 0.000000000000000000e+00 4.212371457508464090e+00 0.000000000000000000e+00 0.000000000000000000e+00 0.000000000000000000e+00 0.000000000000000000e+00 0.000000000000000000e+00 0.000000000000000000e+00 0.000000000000000000e+00 1.173532941176470530e+02 8.432833433583959959e+01 7.069565217391304657e+01 0.000000000000000000e+00 4.300000000000000000e+01 0.000000000000000000e+00 0.000000000000000000e+00 0.000000000000000000e+00 9.466666666666667140e+01 8.257264541326067331e+01 0.000000000000000000e+00 0.000000000000000000e+00 0.000000000000000000e+00 0.000000000000000000e+00 0.000000000000000000e+00 0.000000000000000000e+00 0.000000000000000000e+00 0.000000000000000000e+00 0.000000000000000000e+00 0.000000000000000000e+00 0.000000000000000000e+00 0.000000000000000000e+00 0.000000000000000000e+00 0.000000000000000000e+00 0.000000000000000000e+00 0.000000000000000000e+00 0.000000000000000000e+00 0.000000000000000000e+00 0.000000000000000000e+00 0.000000000000000000e+00 0.000000000000000000e+00 0.000000000000000000e+00 0.000000000000000000e+00 0.000000000000000000e+00 0.000000000000000000e+00 0.000000000000000000e+00 0.000000000000000000e+00 0.000000000000000000e+00 0.000000000000000000e+00 0.000000000000000000e+00 0.000000000000000000e+00 0.000000000000000000e+00 0.000000000000000000e+00 0.000000000000000000e+00 0.000000000000000000e+00 0.000000000000000000e+00 0.000000000000000000e+00 0.000000000000000000e+00 0.000000000000000000e+00 0.000000000000000000e+00 0.000000000000000000e+00 0.000000000000000000e+00 0.000000000000000000e+00 0.000000000000000000e+00 0.000000000000000000e+00 0.000000000000000000e+00 0.000000000000000000e+00 0.000000000000000000e+00 0.000000000000000000e+00 0.000000000000000000e+00
4.404597572588276222e+00 7.159008740372670765e+00 5.487237021276595783e+01 3.298297541929666465e+01 5.815992687296416719e+00 4.747913750000000022e+01 8.408329999999999416e+01 8.631019999999999470e+01 8.721236283185841387e+01 7.329167499999999791e+01 6.845833333333332860e+01 9.677623496503497336e+01 8.632467676133259715e+01 0.000000000000000000e+00 8.237268238606368698e+00 5.400852307692308329e+01 8.412250769230767844e+01 8.206058181818181652e+01 8.304025862068964159e+01 8.942857142857143060e+01 6.379665456885456365e+01 8.431471447368420513e+01 1.010000000000000000e+02 8.890907272727272925e+01 0.000000000000000000e+00 0.000000000000000000e+00 0.000000000000000000e+00 1.072223682539682557e+02 4.677083596017371292e+01 7.799160273233997742e+00 5.414875344352617503e+01 0.000000000000000000e+00 9.470607120239623100e+01 1.495000000000000000e+02 7.403451724137930512e+01 0.000000000000000000e+00 0.000000000000000000e+00 0.000000000000000000e+00 0.000000000000000000e+00 1.370000000000000000e+02 7.098340017582418682e+01 1.650730948905109585e+01 4.981045338601989414e+01 0.000000000000000000e+00 1.050000000000000000e+02 0.000000000000000000e+00 1.255998000000000019e+02 7.452737671232877403e+01 7.288927059016177878e+00 3.504276669159437585e+00 0.000000000000000000e+00 0.000000000000000000e+00 0.000000000000000000e+00 0.000000000000000000e+00 1.116250000000000000e+02 0.000000000000000000e+00 0.000000000000000000e+00 0.000000000000000000e+00 0.000000000000000000e+00 0.000000000000000000e+00 0.000000000000000000e+00 0.000000000000000000e+00 0.000000000000000000e+00 0.000000000000000000e+00 0.000000000000000000e+00 0.000000000000000000e+00 0.000000000000000000e+00 0.000000000000000000e+00 1.525000000000000000e+02 0.000000000000000000e+00 0.000000000000000000e+00 0.000000000000000000e+00 1.475000000000000000e+02 0.000000000000000000e+00 0.000000000000000000e+00 0.000000000000000000e+00 0.000000000000000000e+00 0.000000000000000000e+00 0.000000000000000000e+00 0.000000000000000000e+00 0.000000000000000000e+00 0.000000000000000000e+00 0.000000000000000000e+00 0.000000000000000000e+00 0.000000000000000000e+00 0.000000000000000000e+00 0.000000000000000000e+00 0.000000000000000000e+00 0.000000000000000000e+00 0.000000000000000000e+00 0.000000000000000000e+00 0.000000000000000000e+00 0.000000000000000000e+00 0.000000000000000000e+00 0.000000000000000000e+00 1.195000000000000000e+02 0.000000000000000000e+00 0.000000000000000000e+00 0.000000000000000000e+00 0.000000000000000000e+00
2.482811875000000157e+01 7.933498589721405203e+00 4.846772258064515881e+01 7.206138217236945920e+00 3.788459230769230857e+01 7.279703168316831352e+01 5.800000000000000000e+01 6.967071219512195057e+01 7.676616559139785068e+01 5.274996538461538620e+01 6.575002499999999372e+01 8.975000000000000000e+01 8.539286428571428189e+01 8.237268238606368698e+00 0.000000000000000000e+00 1.995776730345334471e+01 8.412500000000000000e+01 6.855553333333332944e+01 7.010480441176468958e+01 0.000000000000000000e+00 5.739000000000000057e+01 7.785572342733188123e+01 1.125000000000000000e+02 7.017886277372261361e+01 0.000000000000000000e+00 0.000000000000000000e+00 0.000000000000000000e+00 1.028234999999999957e+02 7.769990380818052245e+01 5.914171175355449606e+01 4.389309243505566371e+01 0.000000000000000000e+00 9.158334999999999582e+01 0.000000000000000000e+00 5.925000000000000000e+01 0.000000000000000000e+00 0.000000000000000000e+00 0.000000000000000000e+00 6.400000000000000000e+01 0.000000000000000000e+00 9.920224402515724194e+01 5.963154736842105308e+01 1.343377730589688213e+01 0.000000000000000000e+00 0.000000000000000000e+00 0.000000000000000000e+00 0.000000000000000000e+00 5.704695093833780106e+01 8.111121766200761840e+01 3.129730643758155573e+00 1.875000000000000000e+02 0.000000000000000000e+00 0.000000000000000000e+00 0.000000000000000000e+00 8.400000000000000000e+01 0.000000000000000000e+00 0.000000000000000000e+00 0.000000000000000000e+00 0.000000000000000000e+00 0.000000000000000000e+00 0.000000000000000000e+00 0.000000000000000000e+00 0.000000000000000000e+00 0.000000000000000000e+00 0.000000000000000000e+00 0.000000000000000000e+00 0.000000000000000000e+00 0.000000000000000000e+00 0.000000000000000000e+00 0.000000000000000000e+00 0.000000000000000000e+00 0.000000000000000000e+00 0.000000000000000000e+00 0.000000000000000000e+00 0.000000000000000000e+00 0.000000000000000000e+00 0.000000000000000000e+00 0.000000000000000000e+00 0.000000000000000000e+00 0.000000000000000000e+00 0.000000000000000000e+00 0.000000000000000000e+00 0.000000000000000000e+00 0.000000000000000000e+00 0.000000000000000000e+00 0.000000000000000000e+00 0.000000000000000000e+00 1.342500000000000000e+02 0.000000000000000000e+00 0.000000000000000000e+00 0.000000000000000000e+00 0.000000000000000000e+00 0.000000000000000000e+00 0.000000000000000000e+00 0.000000000000000000e+00 1.290000000000000000e+02 0.000000000000000000e+00 0.000000000000000000e+00 0.000000000000000000e+00 0.000000000000000000e+00
7.052500499999999306e+01 8.371428571428570820e+01 8.984615384615383959e+01 5.243781430840503077e+00 6.207999999999999829e+01 6.404191459459460134e+01 7.420579095713446094e+00 3.993472222222222712e+01 5.588867044270833162e+01 4.909589452054794378e+01 4.450000000000000000e+01 8.200000000000000000e+01 6.318518888888888796e+01 5.400852307692308329e+01 1.995776730345334471e+01 0.000000000000000000e+00 6.825002500000000794e+01 1.342067846889952065e+01 1.443644439419359493e+01 6.650000000000000000e+01 8.250000000000000000e+01 8.092266063268893106e+01 9.325000000000000000e+01 4.947289226139294982e+01 8.716670000000000584e+01 0.000000000000000000e+00 0.000000000000000000e+00 9.951935294117647857e+01 9.679999575757575769e+01 7.921398806584360841e+01 8.201972954638891977e+00 0.000000000000000000e+00 7.501922692307691420e+01 1.645000000000000000e+02 9.639739141344010775e+00 8.678341027940311037e+00 5.470932441860465190e+01 0.000000000000000000e+00 4.589911165919281899e+01 0.000000000000000000e+00 1.078730104438642314e+02 8.854999999999999716e+01 3.809561219014386158e+00 1.735000000000000000e+02 0.000000000000000000e+00 0.000000000000000000e+00 1.665000000000000000e+02 5.147076888888888391e+01 5.858093888992016929e+01 0.000000000000000000e+00 1.196010851063829818e+02 1.488750000000000000e+02 1.392497000000000185e+02 1.503329999999999984e+02 1.219357870967741917e+02 1.443856842105263354e+02 0.000000000000000000e+00 0.000000000000000000e+00 0.000000000000000000e+00 0.000000000000000000e+00 0.000000000000000000e+00 0.000000000000000000e+00 0.000000000000000000e+00 0.000000000000000000e+00 1.425620000000000118e+02 1.296086086956521513e+02 1.267626161616161653e+02 0.000000000000000000e+00 1.316536923076922960e+02 0.000000000000000000e+00 0.000000000000000000e+00 1.559285714285714164e+02 1.380000000000000000e+02 0.000000000000000000e+00 0.000000000000000000e+00 0.000000000000000000e+00 0.000000000000000000e+00 0.000000000000000000e+00 1.822500000000000000e+02 0.000000000000000000e+00 0.000000000000000000e+00 0.000000000000000000e+00 0.000000000000000000e+00 1.286999999999999886e+02 0.000000000000000000e+00 0.000000000000000000e+00 6.641179411764706231e+01 1.184361496965610172e+02 1.310000000000000000e+02 0.000000000000000000e+00 1.088219612403100740e+02 0.000000000000000000e+00 0.000000000000000000e+00 1.815000000000000000e+02 0.000000000000000000e+00 7.908002399999999454e+01 1.294132121212120978e+02 0.000000000000000000e+00 0.000000000000000000e+00 0.000000000000000000e+00
