0.000000000000000000e+00 2.529763834399626488e-01 2.067094480429362835e-01 1.838595417095201202e-03 2.743382223501775741e-01 3.466265226705184110e-02 2.494130684951780842e-03 0.000000000000000000e+00 0.000000000000000000e+00 0.000000000000000000e+00 0.000000000000000000e+00 0.000000000000000000e+00 0.000000000000000000e+00 1.759112217044429272e-01 6.055602109431390372e-04 8.243189106929605140e-05 0.000000000000000000e+00 0.000000000000000000e+00 0.000000000000000000e+00 0.000000000000000000e+00 0.000000000000000000e+00 2.623858122000136735e-03 0.000000000000000000e+00 0.000000000000000000e+00 0.000000000000000000e+00 0.000000000000000000e+00 0.000000000000000000e+00 1.361795840147774980e-03 9.073756692928883205e-03 6.515134838296727723e-03 4.994456153669426945e-06 0.000000000000000000e+00 0.000000000000000000e+00 0.000000000000000000e+00 6.658441422054207958e-04 0.000000000000000000e+00 0.000000000000000000e+00 0.000000000000000000e+00 0.000000000000000000e+00 5.702489707006079229e-06 6.717373191836524537e-03 3.113048118829494056e-05 2.588201376174789617e-05 0.000000000000000000e+00 0.000000000000000000e+00 4.447211598327848652e-06 0.000000000000000000e+00 1.748744398124743235e-03 1.135815375323953741e-01 0.000000000000000000e+00 7.811073626997679933e-05 1.411339865438444386e-04 2.400121121041570173e-04 1.589133333671422692e-04 2.933239188897904508e-03 8.765077072641917679e-04 0.000000000000000000e+00 0.000000000000000000e+00 0.000000000000000000e+00 0.000000000000000000e+00 0.000000000000000000e+00 0.000000000000000000e+00 0.000000000000000000e+00 0.000000000000000000e+00 1.208264529380965765e-05 0.000000000000000000e+00 4.447211598327848652e-06 0.000000000000000000e+00 0.000000000000000000e+00 0.000000000000000000e+00 0.000000000000000000e+00 0.000000000000000000e+00 0.000000000000000000e+00 0.000000000000000000e+00 0.000000000000000000e+00 0.000000000000000000e+00 0.000000000000000000e+00 4.447211598327848652e-06 0.000000000000000000e+00 0.000000000000000000e+00 0.000000000000000000e+00 0.000000000000000000e+00 0.000000000000000000e+00 0.000000000000000000e+00 0.000000000000000000e+00 0.000000000000000000e+00 0.000000000000000000e+00 6.067440674417893393e-04 0.000000000000000000e+00 0.000000000000000000e+00 0.000000000000000000e+00 4.447211598327848652e-06 0.000000000000000000e+00 0.000000000000000000e+00 0.000000000000000000e+00 2.653720233482040163e-03 5.336653917993418382e-05 0.000000000000000000e+00 0.000000000000000000e+00 0.000000000000000000e+00
2.529763834399626488e-01 0.000000000000000000e+00 2.746580566503155074e-01 2.427195104454069052e-01 1.084579575697395305e-05 1.032759800979219690e-02 1.987745890749995428e-03 0.000000000000000000e+00 0.000000000000000000e+00 0.000000000000000000e+00 0.000000000000000000e+00 0.000000000000000000e+00 0.000000000000000000e+00 2.224040044237100139e-02 6.237694925737190255e-02 7.285717671710008401e-05 0.000000000000000000e+00 0.000000000000000000e+00 0.000000000000000000e+00 0.000000000000000000e+00 0.000000000000000000e+00 4.312895619174591882e-04 0.000000000000000000e+00 0.000000000000000000e+00 0.000000000000000000e+00 0.000000000000000000e+00 0.000000000000000000e+00 9.149554674416996163e-06 2.564246743258914545e-04 2.526805191742400640e-05 0.000000000000000000e+00 0.000000000000000000e+00 0.000000000000000000e+00 0.000000000000000000e+00 1.347726392372140900e-03 0.000000000000000000e+00 0.000000000000000000e+00 0.000000000000000000e+00 0.000000000000000000e+00 0.000000000000000000e+00 7.770840718418358273e-05 0.000000000000000000e+00 4.246897641273049717e-06 0.000000000000000000e+00 0.000000000000000000e+00 0.000000000000000000e+00 3.424165017360516511e-06 9.256497992688985516e-03 1.805238330552957904e-02 0.000000000000000000e+00 2.956768731402031306e-04 3.709452508530387198e-04 7.975009182126365989e-04 3.080545506479669365e-04 1.025094786261761780e-02 2.139106405067070591e-03 0.000000000000000000e+00 0.000000000000000000e+00 0.000000000000000000e+00 0.000000000000000000e+00 0.000000000000000000e+00 0.000000000000000000e+00 0.000000000000000000e+00 0.000000000000000000e+00 3.019185568657551327e-05 0.000000000000000000e+00 1.634387077973681904e-05 0.000000000000000000e+00 0.000000000000000000e+00 0.000000000000000000e+00 0.000000000000000000e+00 6.026565098956198823e-06 0.000000000000000000e+00 0.000000000000000000e+00 0.000000000000000000e+00 0.000000000000000000e+00 0.000000000000000000e+00 0.000000000000000000e+00 0.000000000000000000e+00 0.000000000000000000e+00 0.000000000000000000e+00 0.000000000000000000e+00 0.000000000000000000e+00 0.000000000000000000e+00 0.000000000000000000e+00 0.000000000000000000e+00 6.026565098956198823e-06 1.400828225764360127e-03 0.000000000000000000e+00 0.000000000000000000e+00 2.375171886466511461e-05 0.000000000000000000e+00 0.000000000000000000e+00 0.000000000000000000e+00 0.000000000000000000e+00 4.331944379367886830e-03 6.692858237138543003e-05 0.000000000000000000e+00 0.000000000000000000e+00 0.000000000000000000e+00
2.067094480429362835e-01 2.746580566503155074e-01 0.000000000000000000e+00 4.247207389532695054e-02 1.655483383660891206e-01 1.898607339603390620e-01 1.359649981628048288e-01 0.000000000000000000e+00 0.000000000000000000e+00 0.000000000000000000e+00 0.000000000000000000e+00 0.000000000000000000e+00 0.000000000000000000e+00 1.999720861886050021e-04 3.090988720457572207e-04 4.571698740177909486e-05 0.000000000000000000e+00 0.000000000000000000e+00 0.000000000000000000e+00 0.000000000000000000e+00 0.000000000000000000e+00 5.224362175256856526e-04 0.000000000000000000e+00 0.000000000000000000e+00 0.000000000000000000e+00 0.000000000000000000e+00 0.000000000000000000e+00 1.243660784611770576e-04 4.258430672102221648e-04 5.711630022836735416e-05 0.000000000000000000e+00 0.000000000000000000e+00 0.000000000000000000e+00 0.000000000000000000e+00 6.013101217910316607e-04 3.454613290588251741e-06 0.000000000000000000e+00 0.000000000000000000e+00 0.000000000000000000e+00 0.000000000000000000e+00 4.681245226244864859e-04 3.454613290588251741e-06 0.000000000000000000e+00 0.000000000000000000e+00 0.000000000000000000e+00 0.000000000000000000e+00 0.000000000000000000e+00 1.328491193899306727e-02 4.417496072179721150e-02 0.000000000000000000e+00 3.122988533243920201e-04 2.454217819664449886e-03 6.667248143036915830e-04 2.598183353885670510e-02 1.097125056307938010e-02 6.327175105319543871e-03 0.000000000000000000e+00 0.000000000000000000e+00 0.000000000000000000e+00 0.000000000000000000e+00 0.000000000000000000e+00 0.000000000000000000e+00 0.000000000000000000e+00 0.000000000000000000e+00 3.970254917201722849e-05 0.000000000000000000e+00 7.745353872412675251e-06 0.000000000000000000e+00 0.000000000000000000e+00 0.000000000000000000e+00 0.000000000000000000e+00 1.413676985373014888e-05 0.000000000000000000e+00 0.000000000000000000e+00 0.000000000000000000e+00 0.000000000000000000e+00 0.000000000000000000e+00 0.000000000000000000e+00 0.000000000000000000e+00 0.000000000000000000e+00 0.000000000000000000e+00 0.000000000000000000e+00 0.000000000000000000e+00 0.000000000000000000e+00 0.000000000000000000e+00 0.000000000000000000e+00 0.000000000000000000e+00 6.007755856652545814e-04 0.000000000000000000e+00 0.000000000000000000e+00 3.454613290588251741e-06 0.000000000000000000e+00 0.000000000000000000e+00 0.000000000000000000e+00 0.000000000000000000e+00 9.501625278754942394e-03 5.146395938866594718e-04 0.000000000000000000e+00 0.000000000000000000e+00 0.000000000000000000e+00
1.838595417095201202e-03 2.427195104454069052e-01 4.247207389532695054e-02 0.000000000000000000e+00 1.444380189186140323e-04 9.589342098320742871e-03 2.013599302625841969e-01 0.000000000000000000e+00 0.000000000000000000e+00 3.233120178793123263e-05 0.000000000000000000e+00 0.000000000000000000e+00 0.000000000000000000e+00 2.233063050327024901e-02 4.303352099004630893e-01 1.135071024919800109e-01 0.000000000000000000e+00 0.000000000000000000e+00 6.939625260235947124e-06 0.000000000000000000e+00 6.347191367819739537e-06 4.283003284522520632e-03 0.000000000000000000e+00 3.809436736684113958e-06 0.000000000000000000e+00 0.000000000000000000e+00 0.000000000000000000e+00 1.091007710413926618e-04 3.972522808302478801e-03 2.512113061813758819e-03 1.208844616309789433e-04 0.000000000000000000e+00 0.000000000000000000e+00 8.425451604205985964e-06 2.281720950252984909e-02 1.938274088396832852e-04 1.142831021005234230e-05 0.000000000000000000e+00 5.315560170618558388e-05 0.000000000000000000e+00 9.893237489348714366e-04 5.823501321934800220e-06 2.559863501232771676e-02 0.000000000000000000e+00 0.000000000000000000e+00 2.881527143144622572e-05 0.000000000000000000e+00 9.549551172243949879e-03 1.884154225208036978e-02 0.000000000000000000e+00 2.657906278593084501e-04 5.357209939252669060e-04 5.802855221040005953e-04 2.872252696119710971e-04 6.812207867627324831e-03 2.390983416094750839e-03 0.000000000000000000e+00 0.000000000000000000e+00 0.000000000000000000e+00 0.000000000000000000e+00 0.000000000000000000e+00 0.000000000000000000e+00 0.000000000000000000e+00 0.000000000000000000e+00 2.416529058761931529e-05 0.000000000000000000e+00 4.242610197310392131e-05 0.000000000000000000e+00 1.145737855178735143e-05 0.000000000000000000e+00 0.000000000000000000e+00 3.809436736684113958e-06 0.000000000000000000e+00 0.000000000000000000e+00 0.000000000000000000e+00 0.000000000000000000e+00 0.000000000000000000e+00 0.000000000000000000e+00 0.000000000000000000e+00 0.000000000000000000e+00 0.000000000000000000e+00 0.000000000000000000e+00 0.000000000000000000e+00 9.232757824762257058e-06 0.000000000000000000e+00 0.000000000000000000e+00 0.000000000000000000e+00 1.709396969489525298e-03 0.000000000000000000e+00 0.000000000000000000e+00 8.862576882854458315e-05 0.000000000000000000e+00 0.000000000000000000e+00 0.000000000000000000e+00 0.000000000000000000e+00 8.051176028983347138e-03 5.327454801651869583e-04 0.000000000000000000e+00 0.000000000000000000e+00 0.000000000000000000e+00
2.743382223501775741e-01 1.084579575697395305e-05 1.655483383660891206e-01 1.444380189186140323e-04 0.000000000000000000e+00 3.605938420862444538e-01 4.172196065972307022e-04 0.000000000000000000e+00 0.000000000000000000e+00 0.000000000000000000e+00 0.000000000000000000e+00 0.000000000000000000e+00 0.000000000000000000e+00 3.267299950505763578e-02 6.445312045799965516e-05 9.309045413247143323e-05 0.000000000000000000e+00 0.000000000000000000e+00 0.000000000000000000e+00 0.000000000000000000e+00 0.000000000000000000e+00 5.192360037566964110e-04 0.000000000000000000e+00 0.000000000000000000e+00 0.000000000000000000e+00 0.000000000000000000e+00 0.000000000000000000e+00 3.611728067616783947e-04 7.068796460203649948e-03 9.861002231019861883e-03 0.000000000000000000e+00 0.000000000000000000e+00 0.000000000000000000e+00 0.000000000000000000e+00 2.137860697823746377e-04 6.513172892174422300e-05 0.000000000000000000e+00 0.000000000000000000e+00 0.000000000000000000e+00 0.000000000000000000e+00 2.108950944175436680e-03 1.064273197995255445e-05 4.246897641273049717e-06 0.000000000000000000e+00 0.000000000000000000e+00 0.000000000000000000e+00 0.000000000000000000e+00 3.325404603099205679e-03 1.762459456644685230e-01 0.000000000000000000e+00 7.591072573901323957e-04 1.551760275200819771e-04 2.512947140703188217e-04 1.696185089603941356e-04 1.004132638947670300e-04 4.479440042438998610e-04 0.000000000000000000e+00 0.000000000000000000e+00 0.000000000000000000e+00 0.000000000000000000e+00 0.000000000000000000e+00 0.000000000000000000e+00 0.000000000000000000e+00 0.000000000000000000e+00 3.624793588142897463e-05 3.907203907203906929e-05 5.620870162189994107e-04 0.000000000000000000e+00 1.145737855178735143e-05 0.000000000000000000e+00 0.000000000000000000e+00 3.772929981965394506e-06 0.000000000000000000e+00 0.000000000000000000e+00 0.000000000000000000e+00 0.000000000000000000e+00 0.000000000000000000e+00 0.000000000000000000e+00 0.000000000000000000e+00 0.000000000000000000e+00 0.000000000000000000e+00 0.000000000000000000e+00 0.000000000000000000e+00 0.000000000000000000e+00 0.000000000000000000e+00 0.000000000000000000e+00 0.000000000000000000e+00 1.939254762369864134e-03 0.000000000000000000e+00 0.000000000000000000e+00 4.431288441427229158e-05 0.000000000000000000e+00 0.000000000000000000e+00 0.000000000000000000e+00 0.000000000000000000e+00 9.124168318330356533e-05 6.826671306191597769e-05 0.000000000000000000e+00 0.000000000000000000e+00 0.000000000000000000e+00
3.466265226705184110e-02 1.032759800979219690e-02 1.898607339603390620e-01 9.589342098320742871e-03 3.605938420862444538e-01 0.000000000000000000e+00 2.664876611974441589e-01 1.710795375203486926e-05 7.929779491552015752e-03 0.000000000000000000e+00 0.000000000000000000e+00 0.000000000000000000e+00 0.000000000000000000e+00 2.017842930104896690e-04 4.794394278673223169e-04 1.353125808732223495e-03 0.000000000000000000e+00 0.000000000000000000e+00 3.437429990016583996e-03 5.318258090951596701e-04 2.348460806093303620e-04 1.539471342332490635e-04 1.256990125748630839e-04 1.888884043764493294e-03 7.525906354447630276e-04 3.911505457443144795e-05 1.562795835612074125e-04 6.209045906415247562e-02 2.070386795434208207e-04 3.945930102399241104e-05 2.856774888776865331e-03 6.684516894424371420e-05 2.688635655437631846e-05 0.000000000000000000e+00 1.548345849497227700e-02 1.186116527561799014e-03 1.966806259566924520e-04 3.326635706777022051e-06 1.862825478527979205e-03 0.000000000000000000e+00 2.427190411773869040e-04 5.823501321934800220e-06 7.312436820743353988e-04 1.727277627206443076e-04 0.000000000000000000e+00 2.833247040153913466e-05 4.768473403553014751e-04 2.858335707696935124e-01 1.561642577080553096e-01 0.000000000000000000e+00 9.132157746302053481e-04 1.536856430416850237e-03 3.016861974714106324e-03 1.216782154969985041e-02 1.462145115458609104e-02 8.508652294549553380e-03 0.000000000000000000e+00 0.000000000000000000e+00 5.438802593221076686e-05 7.890103891702665573e-03 0.000000000000000000e+00 0.000000000000000000e+00 0.000000000000000000e+00 0.000000000000000000e+00 1.765112182513821272e-04 0.000000000000000000e+00 7.381123205428483374e-05 0.000000000000000000e+00 5.580942132748047314e-05 0.000000000000000000e+00 0.000000000000000000e+00 3.326635706777022051e-06 1.037363278936609618e-03 6.729004188513534011e-03 0.000000000000000000e+00 0.000000000000000000e+00 2.175937611516802535e-05 1.707341008314096397e-03 4.028457020392049198e-06 0.000000000000000000e+00 0.000000000000000000e+00 0.000000000000000000e+00 0.000000000000000000e+00 0.000000000000000000e+00 0.000000000000000000e+00 0.000000000000000000e+00 4.421311842399821158e-04 2.770064953552761090e-03 0.000000000000000000e+00 0.000000000000000000e+00 2.658773064856337495e-05 9.562423500611994258e-06 0.000000000000000000e+00 0.000000000000000000e+00 0.000000000000000000e+00 3.299142652883885890e-02 1.097359995231257873e-03 0.000000000000000000e+00 0.000000000000000000e+00 0.000000000000000000e+00
2.494130684951780842e-03 1.987745890749995428e-03 1.359649981628048288e-01 2.013599302625841969e-01 4.172196065972307022e-04 2.664876611974441589e-01 0.000000000000000000e+00 0.000000000000000000e+00 0.000000000000000000e+00 0.000000000000000000e+00 0.000000000000000000e+00 0.000000000000000000e+00 0.000000000000000000e+00 2.597492553854678963e-05 2.030490026171746250e-05 1.331565458131702719e-02 0.000000000000000000e+00 0.000000000000000000e+00 0.000000000000000000e+00 0.000000000000000000e+00 0.000000000000000000e+00 8.535949967160653409e-05 0.000000000000000000e+00 0.000000000000000000e+00 0.000000000000000000e+00 0.000000000000000000e+00 0.000000000000000000e+00 0.000000000000000000e+00 4.446853426914666637e-05 0.000000000000000000e+00 4.994456153669426945e-06 0.000000000000000000e+00 0.000000000000000000e+00 0.000000000000000000e+00 2.181403688313608424e-01 1.803276078677759002e-05 3.840598321132555686e-05 0.000000000000000000e+00 5.209102146383520066e-03 0.000000000000000000e+00 2.146235443926323001e-05 0.000000000000000000e+00 4.246897641273050225e-05 0.000000000000000000e+00 0.000000000000000000e+00 0.000000000000000000e+00 0.000000000000000000e+00 8.747628881416619206e-02 5.248835978686026624e-03 0.000000000000000000e+00 6.470493228401365867e-04 1.293115452603184595e-03 1.122221286239608474e-03 8.198432979351779433e-04 1.902371228293630451e-02 7.374349215786160303e-03 0.000000000000000000e+00 0.000000000000000000e+00 0.000000000000000000e+00 0.000000000000000000e+00 0.000000000000000000e+00 0.000000000000000000e+00 0.000000000000000000e+00 0.000000000000000000e+00 2.911093792339909382e-05 0.000000000000000000e+00 6.763564249714313368e-05 0.000000000000000000e+00 0.000000000000000000e+00 0.000000000000000000e+00 0.000000000000000000e+00 1.483694200733934067e-05 0.000000000000000000e+00 0.000000000000000000e+00 0.000000000000000000e+00 0.000000000000000000e+00 0.000000000000000000e+00 0.000000000000000000e+00 0.000000000000000000e+00 0.000000000000000000e+00 0.000000000000000000e+00 0.000000000000000000e+00 0.000000000000000000e+00 0.000000000000000000e+00 0.000000000000000000e+00 0.000000000000000000e+00 9.891294671559560449e-06 4.652912746632901705e-03 0.000000000000000000e+00 0.000000000000000000e+00 1.605551016800853552e-04 0.000000000000000000e+00 0.000000000000000000e+00 0.000000000000000000e+00 0.000000000000000000e+00 3.549454527284558875e-02 1.667724429151668615e-03 0.000000000000000000e+00 0.000000000000000000e+00 0.000000000000000000e+00
0.000000000000000000e+00 0.000000000000000000e+00 0.000000000000000000e+00 0.000000000000000000e+00 0.000000000000000000e+00 1.710795375203486926e-05 0.000000000000000000e+00 0.000000000000000000e+00 6.753428956113612103e-02 2.756263609051569697e-05 6.447087712474871201e-04 1.144119445920345002e-03 1.024258853945168718e-01 1.572943746064885693e-03 2.559533992180404688e-04 5.612623587816759421e-03 6.219151192228562081e-03 3.502666669695078117e-01 1.227118931206280794e-01 1.641730274389694433e-01 8.051403765231035547e-05 4.282372399554852313e-03 4.521047562822328933e-03 1.631635603642275637e-04 1.365966737160541681e-04 0.000000000000000000e+00 0.000000000000000000e+00 3.445329511314461867e-05 5.654461282873173185e-03 6.240066406696021971e-05 2.891032540385505417e-02 0.000000000000000000e+00 1.237498868919178520e-02 0.000000000000000000e+00 0.000000000000000000e+00 0.000000000000000000e+00 0.000000000000000000e+00 6.890659022628924241e-06 0.000000000000000000e+00 0.000000000000000000e+00 0.000000000000000000e+00 5.823501321934800220e-06 7.956603290723099375e-05 0.000000000000000000e+00 1.048084884480593058e-03 0.000000000000000000e+00 3.374306471692778571e-04 1.159379695625824196e-05 1.586212998836316126e-02 1.351625329458674042e-05 0.000000000000000000e+00 0.000000000000000000e+00 0.000000000000000000e+00 0.000000000000000000e+00 0.000000000000000000e+00 0.000000000000000000e+00 0.000000000000000000e+00 0.000000000000000000e+00 0.000000000000000000e+00 0.000000000000000000e+00 0.000000000000000000e+00 0.000000000000000000e+00 0.000000000000000000e+00 0.000000000000000000e+00 0.000000000000000000e+00 0.000000000000000000e+00 0.000000000000000000e+00 0.000000000000000000e+00 0.000000000000000000e+00 0.000000000000000000e+00 0.000000000000000000e+00 0.000000000000000000e+00 0.000000000000000000e+00 0.000000000000000000e+00 0.000000000000000000e+00 0.000000000000000000e+00 0.000000000000000000e+00 0.000000000000000000e+00 6.890659022628924241e-06 0.000000000000000000e+00 0.000000000000000000e+00 0.000000000000000000e+00 0.000000000000000000e+00 0.000000000000000000e+00 0.000000000000000000e+00 0.000000000000000000e+00 0.000000000000000000e+00 0.000000000000000000e+00 0.000000000000000000e+00 0.000000000000000000e+00 0.000000000000000000e+00 0.000000000000000000e+00 0.000000000000000000e+00 0.000000000000000000e+00 0.000000000000000000e+00 0.000000000000000000e+00 2.756263609051569697e-05 0.000000000000000000e+00 0.000000000000000000e+00 0.000000000000000000e+00
0.000000000000000000e+00 0.000000000000000000e+00 0.000000000000000000e+00 0.000000000000000000e+00 0.000000000000000000e+00 7.929779491552015752e-03 0.000000000000000000e+00 6.753428956113612103e-02 0.000000000000000000e+00 0.000000000000000000e+00 4.370006034042145035e-04 2.247133200137056675e-04 1.696630558109481126e-05 4.453821111203468911e-04 7.530641111565205235e-04 2.961109607581514577e-03 0.000000000000000000e+00 1.321160715533352447e-04 1.607964480625864445e-01 8.819396055626044229e-02 0.000000000000000000e+00 3.909532683422067487e-03 5.511290816387889651e-04 2.516269539786262777e-01 1.418040241622231801e-01 0.000000000000000000e+00 7.458254498263733323e-02 1.144103672464447672e-03 2.416554800611002852e-03 2.351815993916635985e-05 1.596074407532676936e-03 0.000000000000000000e+00 2.660538634536547490e-04 0.000000000000000000e+00 1.504513971964247273e-05 7.281787390224267031e-04 4.761597926905827491e-03 0.000000000000000000e+00 4.957460845123272918e-04 1.008620183422977303e-04 3.919693323194393591e-06 0.000000000000000000e+00 1.087765585889565194e-04 3.596708292570639554e-06 0.000000000000000000e+00 0.000000000000000000e+00 2.351815993916635985e-05 6.541264822321481154e-02 6.284054856483239915e-02 0.000000000000000000e+00 7.839386646388787181e-06 0.000000000000000000e+00 0.000000000000000000e+00 0.000000000000000000e+00 1.568268050000236682e-02 0.000000000000000000e+00 0.000000000000000000e+00 0.000000000000000000e+00 8.649391365428035468e-04 4.296157637683523274e-03 0.000000000000000000e+00 0.000000000000000000e+00 0.000000000000000000e+00 0.000000000000000000e+00 0.000000000000000000e+00 0.000000000000000000e+00 0.000000000000000000e+00 0.000000000000000000e+00 7.040362910860116378e-04 7.839386646388787181e-06 0.000000000000000000e+00 0.000000000000000000e+00 1.016542343499254701e-02 1.609379139020275301e-03 0.000000000000000000e+00 0.000000000000000000e+00 2.534534640834764556e-04 6.271509317111029745e-05 6.663478649430468680e-05 0.000000000000000000e+00 0.000000000000000000e+00 0.000000000000000000e+00 0.000000000000000000e+00 0.000000000000000000e+00 0.000000000000000000e+00 0.000000000000000000e+00 5.269163664521165844e-03 2.389721224199829389e-05 0.000000000000000000e+00 1.567877329277757436e-05 3.919693323194393591e-06 3.919693323194393591e-06 0.000000000000000000e+00 0.000000000000000000e+00 0.000000000000000000e+00 0.000000000000000000e+00 7.839386646388787181e-06 0.000000000000000000e+00 0.000000000000000000e+00 0.000000000000000000e+00
0.000000000000000000e+00 0.000000000000000000e+00 0.000000000000000000e+00 3.233120178793123263e-05 0.000000000000000000e+00 0.000000000000000000e+00 0.000000000000000000e+00 2.756263609051569697e-05 0.000000000000000000e+00 0.000000000000000000e+00 1.978624505027512248e-01 1.117407158575226822e-01 9.603422612449190668e-03 6.397376444955529861e-05 1.347497063256161936e-04 2.757071789985037174e-04 1.380571483934129456e-03 1.060557853430904590e-05 6.939625260235947124e-06 5.682650756985112018e-05 2.041276725616448795e-01 1.327995788297355317e-01 2.209406406145549018e-04 0.000000000000000000e+00 0.000000000000000000e+00 0.000000000000000000e+00 4.925671615324749219e-06 1.403913303290866936e-04 4.273321496307869215e-04 7.247634719759159586e-03 8.842190063714238952e-04 0.000000000000000000e+00 8.639497553059158688e-03 8.425451604205985964e-06 0.000000000000000000e+00 0.000000000000000000e+00 0.000000000000000000e+00 0.000000000000000000e+00 0.000000000000000000e+00 0.000000000000000000e+00 1.301096045418972391e-01 3.097252499392840752e-01 5.162191057298469790e-03 0.000000000000000000e+00 0.000000000000000000e+00 5.665144631142432814e-06 6.130348674339345088e-04 1.133028926228486563e-05 4.449261488051429493e-03 1.304414234677096773e-01 0.000000000000000000e+00 0.000000000000000000e+00 0.000000000000000000e+00 0.000000000000000000e+00 0.000000000000000000e+00 0.000000000000000000e+00 0.000000000000000000e+00 0.000000000000000000e+00 0.000000000000000000e+00 0.000000000000000000e+00 0.000000000000000000e+00 0.000000000000000000e+00 0.000000000000000000e+00 0.000000000000000000e+00 0.000000000000000000e+00 0.000000000000000000e+00 0.000000000000000000e+00 0.000000000000000000e+00 0.000000000000000000e+00 0.000000000000000000e+00 0.000000000000000000e+00 0.000000000000000000e+00 0.000000000000000000e+00 0.000000000000000000e+00 0.000000000000000000e+00 0.000000000000000000e+00 0.000000000000000000e+00 0.000000000000000000e+00 0.000000000000000000e+00 0.000000000000000000e+00 0.000000000000000000e+00 0.000000000000000000e+00 0.000000000000000000e+00 0.000000000000000000e+00 0.000000000000000000e+00 0.000000000000000000e+00 0.000000000000000000e+00 0.000000000000000000e+00 0.000000000000000000e+00 0.000000000000000000e+00 0.000000000000000000e+00 0.000000000000000000e+00 0.000000000000000000e+00 0.000000000000000000e+00 0.000000000000000000e+00 0.000000000000000000e+00 0.000000000000000000e+00 0.000000000000000000e+00 0.000000000000000000e+00 0.000000000000000000e+00
0.000000000000000000e+00 0.000000000000000000e+00 0.000000000000000000e+00 0.000000000000000000e+00 0.000000000000000000e+00 0.000000000000000000e+00 0.000000000000000000e+00 6.447087712474871201e-04 4.370006034042145035e-04 1.978624505027512248e-01 0.000000000000000000e+00 3.739455932135181682e-01 4.171404431495938240e-04 9.852829526502868390e-05 3.557413031506161360e-05 3.723618165298857736e-06 4.173427415147557018e-04 2.052997893702905011e-04 1.035784226826640738e-04 7.138346969071601234e-05 1.514020992638925520e-02 3.059353519598891902e-01 1.287943174897212412e-02 0.000000000000000000e+00 4.748112625231470246e-06 0.000000000000000000e+00 4.925671615324749219e-06 3.505573235051432312e-04 3.756334485671201885e-04 3.429842722025488230e-03 2.249130743877017068e-04 0.000000000000000000e+00 2.732863182391215501e-04 0.000000000000000000e+00 0.000000000000000000e+00 3.256586446087211150e-05 0.000000000000000000e+00 0.000000000000000000e+00 7.583570951889825780e-06 0.000000000000000000e+00 2.571163783069100022e-03 3.649340128771752425e-03 1.722596659991299688e-04 0.000000000000000000e+00 0.000000000000000000e+00 0.000000000000000000e+00 3.424165017360516511e-06 1.015145977991635245e-05 5.576765152277625426e-03 1.351625329458674042e-05 0.000000000000000000e+00 0.000000000000000000e+00 0.000000000000000000e+00 0.000000000000000000e+00 0.000000000000000000e+00 0.000000000000000000e+00 0.000000000000000000e+00 0.000000000000000000e+00 0.000000000000000000e+00 0.000000000000000000e+00 0.000000000000000000e+00 0.000000000000000000e+00 0.000000000000000000e+00 0.000000000000000000e+00 0.000000000000000000e+00 0.000000000000000000e+00 0.000000000000000000e+00 0.000000000000000000e+00 0.000000000000000000e+00 0.000000000000000000e+00 0.000000000000000000e+00 0.000000000000000000e+00 0.000000000000000000e+00 0.000000000000000000e+00 0.000000000000000000e+00 0.000000000000000000e+00 0.000000000000000000e+00 0.000000000000000000e+00 0.000000000000000000e+00 0.000000000000000000e+00 0.000000000000000000e+00 0.000000000000000000e+00 0.000000000000000000e+00 0.000000000000000000e+00 0.000000000000000000e+00 0.000000000000000000e+00 0.000000000000000000e+00 0.000000000000000000e+00 0.000000000000000000e+00 0.000000000000000000e+00 0.000000000000000000e+00 0.000000000000000000e+00 0.000000000000000000e+00 0.000000000000000000e+00 0.000000000000000000e+00 0.000000000000000000e+00 0.000000000000000000e+00 0.000000000000000000e+00 0.000000000000000000e+00 0.000000000000000000e+00
0.000000000000000000e+00 0.000000000000000000e+00 0.000000000000000000e+00 0.000000000000000000e+00 0.000000000000000000e+00 0.000000000000000000e+00 0.000000000000000000e+00 1.144119445920345002e-03 2.247133200137056675e-04 1.117407158575226822e-01 3.739455932135181682e-01 0.000000000000000000e+00 1.595978189935450819e-01 1.180974175909767655e-03 1.692161906051171125e-05 1.117085449589657321e-05 1.786414820415579419e-01 1.355858321588161199e-03 9.934223400318676700e-05 1.804211835829135514e-03 1.174972910372837492e-01 6.061867829075220232e-03 7.697827292300647717e-02 0.000000000000000000e+00 4.797368589169777190e-04 0.000000000000000000e+00 0.000000000000000000e+00 8.460809530255855625e-06 1.353729524840936900e-04 7.698383533588298161e-03 2.296305929847948860e-03 0.000000000000000000e+00 5.327260935375827122e-02 0.000000000000000000e+00 0.000000000000000000e+00 0.000000000000000000e+00 0.000000000000000000e+00 0.000000000000000000e+00 0.000000000000000000e+00 0.000000000000000000e+00 1.462690741986978800e-03 1.284150095331434115e-02 2.116851670178476012e-05 7.193416585141279109e-06 0.000000000000000000e+00 0.000000000000000000e+00 1.935837577792224749e-04 8.460809530255855625e-06 5.122618839889594728e-04 7.002288788209339986e-04 0.000000000000000000e+00 0.000000000000000000e+00 0.000000000000000000e+00 0.000000000000000000e+00 0.000000000000000000e+00 0.000000000000000000e+00 0.000000000000000000e+00 0.000000000000000000e+00 0.000000000000000000e+00 0.000000000000000000e+00 0.000000000000000000e+00 0.000000000000000000e+00 0.000000000000000000e+00 0.000000000000000000e+00 0.000000000000000000e+00 0.000000000000000000e+00 0.000000000000000000e+00 0.000000000000000000e+00 0.000000000000000000e+00 0.000000000000000000e+00 0.000000000000000000e+00 0.000000000000000000e+00 0.000000000000000000e+00 0.000000000000000000e+00 0.000000000000000000e+00 0.000000000000000000e+00 0.000000000000000000e+00 0.000000000000000000e+00 0.000000000000000000e+00 0.000000000000000000e+00 0.000000000000000000e+00 0.000000000000000000e+00 0.000000000000000000e+00 0.000000000000000000e+00 0.000000000000000000e+00 0.000000000000000000e+00 0.000000000000000000e+00 0.000000000000000000e+00 0.000000000000000000e+00 0.000000000000000000e+00 0.000000000000000000e+00 0.000000000000000000e+00 0.000000000000000000e+00 0.000000000000000000e+00 0.000000000000000000e+00 0.000000000000000000e+00 0.000000000000000000e+00 0.000000000000000000e+00 0.000000000000000000e+00 0.000000000000000000e+00
0.000000000000000000e+00 0.000000000000000000e+00 0.000000000000000000e+00 0.000000000000000000e+00 0.000000000000000000e+00 0.000000000000000000e+00 0.000000000000000000e+00 1.024258853945168718e-01 1.696630558109481126e-05 9.603422612449190668e-03 4.171404431495938240e-04 1.595978189935450819e-01 0.000000000000000000e+00 2.686423282368256144e-02 2.315107224154078333e-04 1.653772996959551448e-04 3.246291945324545347e-01 2.194835071057463227e-01 2.698898966755504782e-04 3.085504994180372773e-02 1.051822981707006919e-03 1.088242596024513795e-04 1.825383786941204477e-05 0.000000000000000000e+00 0.000000000000000000e+00 0.000000000000000000e+00 0.000000000000000000e+00 0.000000000000000000e+00 9.126918934706022385e-06 2.807302315441025445e-02 1.632233271540451877e-02 0.000000000000000000e+00 1.656001870016754474e-01 0.000000000000000000e+00 0.000000000000000000e+00 0.000000000000000000e+00 0.000000000000000000e+00 0.000000000000000000e+00 0.000000000000000000e+00 0.000000000000000000e+00 5.392315094975923782e-04 1.022129401332283818e-02 1.415988373901768890e-04 0.000000000000000000e+00 3.435363633240578226e-05 0.000000000000000000e+00 0.000000000000000000e+00 0.000000000000000000e+00 7.311505689015848489e-05 7.793647489494485645e-03 0.000000000000000000e+00 0.000000000000000000e+00 0.000000000000000000e+00 0.000000000000000000e+00 0.000000000000000000e+00 0.000000000000000000e+00 0.000000000000000000e+00 0.000000000000000000e+00 0.000000000000000000e+00 0.000000000000000000e+00 0.000000000000000000e+00 0.000000000000000000e+00 0.000000000000000000e+00 0.000000000000000000e+00 0.000000000000000000e+00 0.000000000000000000e+00 0.000000000000000000e+00 0.000000000000000000e+00 0.000000000000000000e+00 0.000000000000000000e+00 0.000000000000000000e+00 0.000000000000000000e+00 0.000000000000000000e+00 0.000000000000000000e+00 0.000000000000000000e+00 0.000000000000000000e+00 0.000000000000000000e+00 0.000000000000000000e+00 0.000000000000000000e+00 0.000000000000000000e+00 0.000000000000000000e+00 0.000000000000000000e+00 0.000000000000000000e+00 0.000000000000000000e+00 0.000000000000000000e+00 0.000000000000000000e+00 0.000000000000000000e+00 0.000000000000000000e+00 0.000000000000000000e+00 0.000000000000000000e+00 0.000000000000000000e+00 0.000000000000000000e+00 0.000000000000000000e+00 0.000000000000000000e+00 0.000000000000000000e+00 0.000000000000000000e+00 0.000000000000000000e+00 0.000000000000000000e+00 0.000000000000000000e+00 0.000000000000000000e+00
1.759112217044429272e-01 2.224040044237100139e-02 1.999720861886050021e-04 2.233063050327024901e-02 3.267299950505763578e-02 2.017842930104896690e-04 2.597492553854678963e-05 1.572943746064885693e-03 4.453821111203468911e-04 6.397376444955529861e-05 9.852829526502868390e-05 1.180974175909767655e-03 2.686423282368256144e-02 0.000000000000000000e+00 2.647677222105635497e-01 2.373299248042277411e-03 2.423847249055719865e-03 5.556104248730516729e-04 5.724217455947896169e-04 5.981967145155762120e-05 4.530178307628278042e-03 1.838283066842081367e-03 4.329154256424465220e-06 8.192564013726841439e-05 0.000000000000000000e+00 0.000000000000000000e+00 0.000000000000000000e+00 2.462010951735405808e-04 4.389617478929071920e-02 2.341772590415953093e-01 2.135533926324255372e-02 0.000000000000000000e+00 1.724150851178156765e-02 4.329154256424465220e-06 1.312986710699679210e-04 0.000000000000000000e+00 0.000000000000000000e+00 0.000000000000000000e+00 0.000000000000000000e+00 5.702489707006079229e-06 8.206245899978223055e-03 6.663171393401581561e-04 3.127828791022096294e-02 0.000000000000000000e+00 1.717681816620289113e-05 0.000000000000000000e+00 1.893080356493048082e-05 3.268737873579266725e-04 1.350879325580273682e-01 7.850899734299408850e-02 0.000000000000000000e+00 0.000000000000000000e+00 0.000000000000000000e+00 0.000000000000000000e+00 1.731661702569786088e-05 0.000000000000000000e+00 0.000000000000000000e+00 0.000000000000000000e+00 0.000000000000000000e+00 0.000000000000000000e+00 0.000000000000000000e+00 0.000000000000000000e+00 0.000000000000000000e+00 0.000000000000000000e+00 0.000000000000000000e+00 0.000000000000000000e+00 0.000000000000000000e+00 0.000000000000000000e+00 5.728689275893675715e-06 0.000000000000000000e+00 0.000000000000000000e+00 0.000000000000000000e+00 9.279364549115677260e-06 0.000000000000000000e+00 0.000000000000000000e+00 0.000000000000000000e+00 0.000000000000000000e+00 0.000000000000000000e+00 0.000000000000000000e+00 0.000000000000000000e+00 0.000000000000000000e+00 0.000000000000000000e+00 0.000000000000000000e+00 0.000000000000000000e+00 0.000000000000000000e+00 0.000000000000000000e+00 0.000000000000000000e+00 0.000000000000000000e+00 0.000000000000000000e+00 0.000000000000000000e+00 0.000000000000000000e+00 0.000000000000000000e+00 0.000000000000000000e+00 0.000000000000000000e+00 0.000000000000000000e+00 4.329154256424465220e-06 0.000000000000000000e+00 0.000000000000000000e+00 0.000000000000000000e+00 0.000000000000000000e+00
6.055602109431390372e-04 6.237694925737190255e-02 3.090988720457572207e-04 4.303352099004630893e-01 6.445312045799965516e-05 4.794394278673223169e-04 2.030490026171746250e-05 2.559533992180404688e-04 7.530641111565205235e-04 1.347497063256161936e-04 3.557413031506161360e-05 1.692161906051171125e-05 2.315107224154078333e-04 2.647677222105635497e-01 0.000000000000000000e+00 1.218940000947364710e-02 2.795560649688295086e-05 7.899272413179195599e-05 1.652814288029060951e-03 0.000000000000000000e+00 2.928107605408434211e-04 2.101198554817363794e-03 8.133784487246225811e-06 7.671676351249811674e-04 0.000000000000000000e+00 0.000000000000000000e+00 0.000000000000000000e+00 1.521071577622576702e-04 7.158931205690625445e-03 5.166059350784267708e-03 3.513349472999460765e-02 0.000000000000000000e+00 9.141776127434218509e-05 0.000000000000000000e+00 6.978102009551521924e-05 0.000000000000000000e+00 0.000000000000000000e+00 0.000000000000000000e+00 7.583570951889825780e-06 0.000000000000000000e+00 1.798813280895271687e-03 1.071277733836500012e-04 2.202710227553261735e-01 0.000000000000000000e+00 0.000000000000000000e+00 0.000000000000000000e+00 0.000000000000000000e+00 1.884253718248907411e-03 3.953784636117029828e-03 5.289418685316222418e-02 5.119750975312560477e-06 0.000000000000000000e+00 0.000000000000000000e+00 0.000000000000000000e+00 1.023950195062512095e-05 0.000000000000000000e+00 0.000000000000000000e+00 0.000000000000000000e+00 0.000000000000000000e+00 0.000000000000000000e+00 0.000000000000000000e+00 0.000000000000000000e+00 0.000000000000000000e+00 0.000000000000000000e+00 0.000000000000000000e+00 0.000000000000000000e+00 0.000000000000000000e+00 0.000000000000000000e+00 0.000000000000000000e+00 0.000000000000000000e+00 0.000000000000000000e+00 0.000000000000000000e+00 0.000000000000000000e+00 0.000000000000000000e+00 0.000000000000000000e+00 0.000000000000000000e+00 0.000000000000000000e+00 0.000000000000000000e+00 0.000000000000000000e+00 0.000000000000000000e+00 0.000000000000000000e+00 0.000000000000000000e+00 0.000000000000000000e+00 0.000000000000000000e+00 0.000000000000000000e+00 0.000000000000000000e+00 0.000000000000000000e+00 8.597491252052651868e-06 0.000000000000000000e+00 0.000000000000000000e+00 0.000000000000000000e+00 0.000000000000000000e+00 0.000000000000000000e+00 0.000000000000000000e+00 0.000000000000000000e+00 5.119750975312560477e-06 0.000000000000000000e+00 0.000000000000000000e+00 0.000000000000000000e+00 0.000000000000000000e+00
8.243189106929605140e-05 7.285717671710008401e-05 4.571698740177909486e-05 1.135071024919800109e-01 9.309045413247143323e-05 1.353125808732223495e-03 1.331565458131702719e-02 5.612623587816759421e-03 2.961109607581514577e-03 2.757071789985037174e-04 3.723618165298857736e-06 1.117085449589657321e-05 1.653772996959551448e-04 2.373299248042277411e-03 1.218940000947364710e-02 0.000000000000000000e+00 4.938064607592214345e-05 1.476411782874680403e-02 1.555731448378729342e-01 3.723618165298857736e-06 1.269438273563947907e-05 2.071540622698071245e-03 2.371480530509016709e-05 4.660942462995244957e-03 1.424433787569441074e-05 0.000000000000000000e+00 0.000000000000000000e+00 1.875020120708894894e-04 1.364082369535289056e-03 9.404430530961311241e-04 2.690251404536192492e-01 0.000000000000000000e+00 1.671362407540053483e-04 8.425451604205985964e-06 1.442771640240859410e-01 1.611951911241953916e-01 3.452735673724418339e-04 0.000000000000000000e+00 1.007924679044829800e-03 0.000000000000000000e+00 1.286435694534911623e-03 9.547119487233657787e-05 1.231603615049398359e-01 3.723618165298857736e-06 0.000000000000000000e+00 0.000000000000000000e+00 3.723618165298857736e-06 4.753403696627439556e-03 4.051862441666907733e-02 0.000000000000000000e+00 1.100427162570892254e-03 1.020497338365318766e-04 9.882270892623800903e-05 4.520522337038173266e-05 5.515716987312271153e-04 3.922098402311934582e-04 0.000000000000000000e+00 0.000000000000000000e+00 0.000000000000000000e+00 0.000000000000000000e+00 0.000000000000000000e+00 0.000000000000000000e+00 0.000000000000000000e+00 0.000000000000000000e+00 3.222038745015908705e-05 1.065301787385822014e-04 8.268817385402131570e-04 0.000000000000000000e+00 6.244253392304887642e-05 0.000000000000000000e+00 0.000000000000000000e+00 2.611463897375854219e-05 3.723618165298857736e-06 0.000000000000000000e+00 0.000000000000000000e+00 0.000000000000000000e+00 0.000000000000000000e+00 0.000000000000000000e+00 7.447236330597715472e-06 0.000000000000000000e+00 0.000000000000000000e+00 0.000000000000000000e+00 0.000000000000000000e+00 4.616378912381128359e-05 0.000000000000000000e+00 0.000000000000000000e+00 6.704746701720393145e-05 6.270366565544641807e-03 8.742940075888719221e-06 0.000000000000000000e+00 1.025076367384446414e-03 0.000000000000000000e+00 0.000000000000000000e+00 3.723618165298857736e-06 0.000000000000000000e+00 6.162491524659971043e-04 4.955673097791373806e-04 0.000000000000000000e+00 0.000000000000000000e+00 0.000000000000000000e+00
